%单胞内颗粒个数和体积分数
202 0.100289
%单胞起始点坐标
0 0 0
%单胞长宽高
1 1 1
%输出椭球15个参数:椭球中心坐标、尺寸、方位角
0.0578206 0.376648 0.279361 0.08 0.04 0.04 0.496876 0.837215 0.228442 0.672525 -0.537846 0.508362 0.548475 -0.0989602 -0.830291
0.00463053 0.308481 0.367085 0.08 0.04 0.04 -0.319328 0.937593 0.137659 0.662413 0.116966 0.739951 0.677671 0.327474 -0.658424
0.588618 0.359667 0.710192 0.08 0.04 0.04 0.480187 0.134918 0.866728 0.0158346 -0.989272 0.145221 0.877023 -0.0560092 -0.477172
0.178274 0.771572 0.638592 0.08 0.04 0.04 -0.334679 0.765736 0.549216 0.81203 -0.0613604 0.580382 0.47812 0.640221 -0.601265
0.349509 0.572849 0.830351 0.08 0.04 0.04 -0.934249 0.114328 -0.337799 0.356136 0.34855 -0.866995 0.0186187 -0.930291 -0.366349
0.544092 0.878258 0.424441 0.08 0.04 0.04 0.232461 0.543084 -0.806859 0.972594 -0.125688 0.195611 0.00482097 -0.830218 -0.557418
0.316032 0.0802082 0.220431 0.08 0.04 0.04 0.229085 0.706255 0.669868 0.157843 -0.706014 0.690384 0.960524 -0.0524225 -0.273214
0.50684 0.00161133 0.195293 0.08 0.04 0.04 0.16831 0.918902 0.356778 0.723797 -0.360912 0.588099 0.669171 0.159252 -0.725844
0.673947 0.0135905 0.443944 0.08 0.04 0.04 0.489087 0.726967 0.481988 0.53503 -0.686461 0.492456 0.688866 0.0170244 -0.724689
0.990214 0.258205 0.280281 0.08 0.04 0.04 -0.282297 0.898855 -0.335215 0.12379 0.380637 0.916402 0.951307 0.217201 -0.218722
0.359772 0.19517 0.0416829 0.08 0.04 0.04 0.564614 0.804672 -0.183614 0.292219 0.0131628 0.956261 0.771893 -0.593574 -0.227708
0.206977 0.0117676 0.72336 0.08 0.04 0.04 -0.0422302 0.110021 -0.993032 0.0245574 0.993732 0.109055 0.998806 -0.0197809 -0.0446674
0.254175 0.90471 0.166163 0.08 0.04 0.04 0.0384257 0.93864 0.342751 0.807348 -0.23128 0.542861 0.588823 0.25586 -0.766697
0.868165 0.284122 0.471121 0.08 0.04 0.04 -0.236526 0.54978 -0.801123 0.0605809 0.831258 0.552575 0.969735 0.0821655 -0.22992
0.168239 0.157771 0.294271 0.08 0.04 0.04 -0.894532 0.105601 0.434351 0.438955 0.0239507 0.89819 0.0844469 0.99412 -0.0677788
0.918873 0.118777 0.540718 0.08 0.04 0.04 0.111044 0.852549 -0.510715 0.223272 0.479355 0.848745 0.968411 -0.208276 -0.137121
0.175092 0.378107 0.932192 0.08 0.04 0.04 -0.840051 0.107026 -0.531846 0.362244 0.840439 -0.40304 0.403848 -0.531232 -0.744781
0.850677 0.945314 0.60318 0.08 0.04 0.04 -0.245025 0.915032 0.320436 0.947925 0.15674 0.277256 0.203473 0.371684 -0.905787
0.77481 0.543469 0.678177 0.08 0.04 0.04 -0.405082 0.904945 -0.130316 0.784213 0.417182 0.459314 0.47002 0.0838642 -0.878663
0.915674 0.161784 0.181128 0.08 0.04 0.04 0.762386 0.325855 0.559094 0.345469 -0.935496 0.0741477 0.547192 0.136621 -0.825782
0.280539 0.0449707 0.352979 0.08 0.04 0.04 0.702539 0.358931 0.614498 0.58979 -0.776865 -0.22052 0.39823 0.517349 -0.757471
0.916459 0.0277509 0.3412 0.08 0.04 0.04 0.996685 0.0714149 -0.0389676 0.0573678 -0.277328 0.959061 0.0576845 -0.958118 -0.280505
0.324728 0.0379395 0.810481 0.08 0.04 0.04 -0.864743 -0.3889 -0.317769 0.068474 0.535525 -0.841739 0.497526 -0.749646 -0.436461
0.771104 0.546455 0.230046 0.08 0.04 0.04 0.108596 0.942879 0.314937 0.385665 -0.331957 0.860852 0.916226 0.0279756 -0.399685
0.894785 0.687257 0.130488 0.08 0.04 0.04 -0.170008 0.983539 -0.0612225 0.22576 0.0993473 0.969104 0.959234 0.150934 -0.238934
0.394618 0.908662 0.876082 0.08 0.04 0.04 -0.0193311 0.997798 0.0634427 0.742344 -0.028182 0.669426 0.66974 0.060037 -0.740164
0.166766 0.302828 0.868351 0.08 0.04 0.04 0.973398 -0.166356 0.15755 0.038076 -0.560617 -0.827199 0.225934 0.811193 -0.539369
0.658254 0.966687 0.162281 0.08 0.04 0.04 -0.0969225 0.677503 0.729106 0.796479 -0.386495 0.465019 0.596848 0.625788 -0.502157
0.0659261 0.51811 0.585917 0.08 0.04 0.04 -0.874834 0.135806 -0.464997 0.442685 0.613918 -0.653556 0.196713 -0.7776 -0.597195
0.25463 0.318597 0.496017 0.08 0.04 0.04 -0.699897 0.712975 0.0425636 0.711319 0.690405 0.131782 0.064571 0.12251 -0.990365
0.742301 0.575887 0.568227 0.08 0.04 0.04 0.0504777 0.830492 -0.554739 0.0977074 0.548676 0.830306 0.993934 -0.0961141 -0.0534493
0.326721 0.00675456 0.123174 0.08 0.04 0.04 0.314454 0.901556 0.29718 0.222401 -0.374316 0.900236 0.922852 -0.21699 -0.318212
0.457914 0.147282 0.541084 0.08 0.04 0.04 -0.394938 -0.67004 -0.628546 0.0251866 0.676009 -0.736463 0.918362 -0.306688 -0.250106
0.103 0.202927 0.0444173 0.08 0.04 0.04 -0.152949 0.865328 -0.477299 0.204407 0.500239 0.841415 0.966863 0.0311297 -0.25339
0.0460042 0.633035 0.518165 0.08 0.04 0.04 0.106508 0.652075 -0.750636 0.812446 0.378148 0.443774 0.573225 -0.657117 -0.4895
0.314838 0.488471 0.277377 0.08 0.04 0.04 0.450736 0.103394 0.886649 0.275184 -0.960989 -0.0278294 0.849182 0.256535 -0.461605
0.862927 0.252797 0.168058 0.08 0.04 0.04 -0.0896353 0.980598 -0.174336 0.0329156 0.177862 0.983505 0.995431 0.0824184 -0.0482197
0.351875 0.253236 0.834503 0.08 0.04 0.04 0.328569 0.775897 -0.53854 0.888517 -0.0605689 0.454829 0.320282 -0.627945 -0.709299
0.944694 0.788596 0.909026 0.08 0.04 0.04 -0.000541334 0.933727 -0.357985 0.0235646 0.357897 0.933464 0.999722 -0.00793045 -0.0221966
0.958357 0.398297 0.817673 0.08 0.04 0.04 0.368494 -0.378602 0.849042 0.218815 -0.852327 -0.475036 0.903511 0.360831 -0.231234
0.612005 0.755865 0.565468 0.08 0.04 0.04 0.183095 0.977531 0.104452 0.254287 -0.149723 0.955469 0.949639 -0.148381 -0.275987
0.48925 0.515214 0.610385 0.08 0.04 0.04 0.211926 -0.139389 0.967294 0.0968169 -0.981913 -0.162708 0.972478 0.128132 -0.194597
0.67709 0.974146 0.65686 0.08 0.04 0.04 -0.190954 0.961587 -0.197199 0.29871 0.248292 0.921479 0.935045 0.117055 -0.334648
0.617361 0.934629 0.517758 0.08 0.04 0.04 0.673848 0.729343 0.118271 0.693217 -0.679454 0.240401 0.255695 -0.0800065 -0.963441
0.0512777 0.748837 0.600628 0.08 0.04 0.04 0.910832 0.209863 0.355446 0.366477 -0.807392 -0.462399 0.189944 0.551431 -0.812309
0.939458 0.0148926 0.462188 0.08 0.04 0.04 -0.0256584 0.896578 -0.442142 0.124098 0.441724 0.888527 0.991938 -0.0320707 -0.122597
0.479182 0.188401 0.768819 0.08 0.04 0.04 0.65052 0.619005 0.440064 0.526024 -0.78516 0.326836 0.547833 0.0188709 -0.836375
0.265482 0.848286 0.264456 0.08 0.04 0.04 0.467028 0.882873 -0.049197 0.793353 -0.393805 0.464229 0.390481 -0.255838 -0.884348
0.815054 0.126264 0.00301107 0.08 0.04 0.04 -0.279625 0.953738 -0.110425 0.257603 0.185323 0.948312 0.924906 0.236726 -0.297506
0.355852 0.914056 0.0210449 0.08 0.04 0.04 -0.722031 0.406625 -0.559757 0.562267 0.816308 -0.132277 0.403147 -0.410241 -0.818031
0.325224 0.0278483 0.587553 0.08 0.04 0.04 -0.490392 0.492443 -0.719038 0.863161 0.38832 -0.322739 0.120286 -0.778914 -0.615487
0.843484 0.815651 0.790158 0.08 0.04 0.04 -0.573713 -0.152933 -0.804652 0.478706 0.734544 -0.480923 0.664601 -0.661103 -0.348207
0.232608 0.751408 0.17191 0.08 0.04 0.04 0.169942 0.373213 -0.912048 0.953666 0.170889 0.247625 0.248276 -0.911871 -0.326879
0.176949 0.258669 0.675224 0.08 0.04 0.04 0.660695 0.34703 0.665622 0.537611 -0.837603 -0.0969364 0.523887 0.421891 -0.739967
0.0220785 0.632889 0.962084 0.08 0.04 0.04 0.104387 0.845121 0.524285 0.682293 -0.4444 0.580504 0.723588 0.297119 -0.62301
0.924692 0.52913 0.0246908 0.08 0.04 0.04 -0.675296 -0.507576 -0.53511 0.318622 0.453566 -0.832321 0.665174 -0.73256 -0.144567
0.800365 0.232731 0.641775 0.08 0.04 0.04 0.312578 0.8196 0.480158 0.0861979 -0.527875 0.844936 0.945973 -0.22272 -0.23565
0.508764 0.794205 0.752366 0.08 0.04 0.04 -0.705697 0.123397 0.697686 0.70847 0.111936 0.696807 0.00788731 0.986024 -0.166416
0.788165 0.0628743 0.175982 0.08 0.04 0.04 -0.0256897 0.763395 -0.645421 0.0433412 0.645877 0.76221 0.99873 -0.00839235 -0.0496788
0.293496 0.178075 0.472709 0.08 0.04 0.04 -0.45121 0.768394 0.453851 0.835451 0.184913 0.517522 0.313738 0.612681 -0.72539
0.511999 0.736241 0.646839 0.08 0.04 0.04 -0.0792467 0.307314 -0.948303 0.725308 0.670369 0.156633 0.683848 -0.675399 -0.276022
0.103577 0.317653 0.370779 0.08 0.04 0.04 0.396496 0.286523 0.872179 0.822365 -0.533132 -0.198709 0.408052 0.796037 -0.447011
0.00300293 0.24083 0.171459 0.08 0.04 0.04 -0.760539 0.129821 -0.636182 0.57741 0.583336 -0.571241 0.296949 -0.801789 -0.518609
0.156079 0.507358 0.658222 0.08 0.04 0.04 -0.0914404 0.808805 -0.580925 0.052426 0.58647 0.808273 0.99443 0.0434533 -0.0960294
0.0601969 0.176048 0.40692 0.08 0.04 0.04 -0.0836032 0.791529 -0.605387 0.744043 0.453707 0.490459 0.662881 -0.40943 -0.626862
0.485183 0.927033 0.0375163 0.08 0.04 0.04 0.628411 0.727185 -0.276228 0.501803 -0.107624 0.85826 0.594385 -0.677952 -0.432536
0.932816 0.14515 0.952117 0.08 0.04 0.04 0.723215 0.683587 -0.0983265 0.245571 -0.121471 0.961738 0.645488 -0.71969 -0.255719
0.683213 0.0530436 0.0371257 0.08 0.04 0.04 -0.019656 0.603831 -0.79687 0.0965595 0.794445 0.599612 0.995133 -0.0651594 -0.0739212
0.227614 0.603975 0.841953 0.08 0.04 0.04 0.00450476 0.999905 -0.013035 0.973083 -0.00137968 0.230452 0.230413 -0.0137223 -0.972996
0.309654 0.440426 0.15257 0.08 0.04 0.04 0.69521 0.235027 0.679298 0.381714 -0.921485 -0.0718358 0.609079 0.309239 -0.730338
0.215553 0.560083 0.502046 0.08 0.04 0.04 -0.800503 0.498187 -0.333174 0.584852 0.770786 -0.252661 0.130933 -0.397114 -0.908382
0.357961 0.392899 0.833756 0.08 0.04 0.04 -0.382914 0.649174 -0.657229 0.875252 0.482517 -0.0333348 0.295484 -0.588006 -0.752953
0.586034 0.394381 0.525302 0.08 0.04 0.04 0.327072 0.530519 0.782031 0.868066 -0.495728 -0.0267596 0.373478 0.687607 -0.622664
0.945736 0.0381999 0.892152 0.08 0.04 0.04 -0.708921 -0.331115 -0.622731 0.475802 0.427231 -0.768821 0.520618 -0.84133 -0.145328
0.456198 0.880444 0.476014 0.08 0.04 0.04 -0.0993235 0.974233 -0.202498 0.993638 0.107965 0.0320552 0.0530919 -0.198026 -0.978758
0.669659 0.066531 0.368917 0.08 0.04 0.04 0.39175 -0.345934 0.852562 0.341361 -0.805841 -0.483832 0.854403 0.480572 -0.1976
0.905354 0.454525 0.299786 0.08 0.04 0.04 0.248065 0.69003 0.679942 0.947455 -0.319147 -0.021781 0.201972 0.649618 -0.732942
0.0123128 0.871219 0.666592 0.08 0.04 0.04 0.39723 0.030515 0.917211 0.621309 -0.744505 -0.24431 0.675413 0.666919 -0.314699
0.228845 0.128353 0.188121 0.08 0.04 0.04 0.0038567 0.903398 -0.428785 0.501138 0.369312 0.782604 0.865359 -0.217899 -0.451303
0.216072 0.838993 0.378299 0.08 0.04 0.04 -0.30365 0.678621 -0.668783 0.0486122 0.712046 0.700448 0.951543 0.18018 -0.249202
0.894685 0.553475 0.164653 0.08 0.04 0.04 0.240552 0.880385 -0.408726 0.342877 0.316869 0.884324 0.908058 -0.352869 -0.225641
0.81307 0.0409993 0.751561 0.08 0.04 0.04 0.444473 -0.164474 0.880564 0.219768 -0.932937 -0.285186 0.868416 0.320277 -0.378519
0.347433 0.771572 0.887093 0.08 0.04 0.04 0.59889 0.10881 0.793405 0.0289464 -0.99302 0.114336 0.800308 -0.0455082 -0.597859
0.507031 0.0209473 0.101385 0.08 0.04 0.04 -0.177492 0.756069 0.629966 0.97898 0.0702932 0.191462 0.100476 0.650707 -0.752652
0.822386 0.145964 0.998189 0.08 0.04 0.04 0.133645 0.904829 0.404257 0.272899 -0.425746 0.862708 0.952715 -0.00497491 -0.303826
0.698788 0.32252 0.781334 0.08 0.04 0.04 -0.299929 0.814866 -0.496019 0.894639 0.420761 0.150268 0.331154 -0.398689 -0.85521
0.537437 0.323647 0.248135 0.08 0.04 0.04 0.273026 0.606266 0.746926 0.634542 -0.697066 0.33385 0.723058 0.382806 -0.575019
0.143758 0.0396973 0.562414 0.08 0.04 0.04 0.0753557 0.91544 0.395338 0.148083 -0.402342 0.903434 0.9861 -0.00953621 -0.165879
0.0570394 0.368892 0.632954 0.08 0.04 0.04 0.175623 0.908727 0.378644 0.811445 -0.351402 0.466983 0.557417 0.225236 -0.799097
0.657107 0.0549967 0.609198 0.08 0.04 0.04 0.724856 -0.225298 0.651018 0.0484156 -0.926013 -0.374373 0.687197 0.302886 -0.660318
0.766098 0.322973 0.71618 0.08 0.04 0.04 -0.00685467 0.99966 0.025167 0.640438 -0.0149399 0.767865 0.767979 0.0213814 -0.640118
0.58048 0.0433431 0.502381 0.08 0.04 0.04 0.177008 0.89544 0.408479 0.883122 -0.327715 0.335707 0.43447 0.301314 -0.848791
0.305372 0.804548 0.705147 0.08 0.04 0.04 -0.0927897 0.920262 -0.380142 0.388325 0.385004 0.837243 0.916839 -0.0699315 -0.393085
0.587435 0.0229004 0.0159668 0.08 0.04 0.04 0.47628 0.707838 -0.521654 0.832254 -0.171453 0.527217 0.283745 -0.685251 -0.670761
0.448316 0.282068 0.0566569 0.08 0.04 0.04 0.260805 -0.248572 0.932841 0.0702027 -0.958841 -0.275128 0.962835 0.137243 -0.23262
0.857667 0.0303223 0.264178 0.08 0.04 0.04 -0.927407 0.0411337 -0.371784 0.213439 0.874433 -0.435672 0.30718 -0.483399 -0.819735
0.112079 0.856982 0.352183 0.08 0.04 0.04 -0.110459 0.98577 -0.126716 0.842971 0.160461 0.51347 0.526496 -0.0501003 -0.8487
0.14361 0.627913 0.749783 0.08 0.04 0.04 0.00645112 0.996466 -0.083746 0.12732 0.0822477 0.988446 0.991841 -0.0170391 -0.126339
0.458704 0.356024 0.00548503 0.08 0.04 0.04 -0.607962 0.638096 -0.472458 0.236035 0.713413 0.659795 0.75807 0.289613 -0.584341
0.526009 0.39514 0.61216 0.08 0.04 0.04 -0.128482 0.82606 -0.548742 0.895144 0.334767 0.29436 0.42686 -0.453383 -0.782454
0.634137 0.75035 0.792493 0.08 0.04 0.04 -0.0756243 0.0688037 -0.99476 0.965542 0.254191 -0.0558217 0.249018 -0.964704 -0.0856558
0.751397 0.703937 0.56164 0.08 0.04 0.04 0.195032 0.642667 0.740906 0.417528 -0.737947 0.530192 0.887487 0.205945 -0.412255
0.888771 0.278142 0.339093 0.08 0.04 0.04 0.481553 0.609519 -0.629756 0.64349 0.241934 0.726215 0.595001 -0.754953 -0.275715
0.792593 0.420027 0.733463 0.08 0.04 0.04 -0.19853 0.820815 0.535583 0.187448 -0.504574 0.842774 0.962003 0.26771 -0.0536871
0.797564 0.311214 0.898465 0.08 0.04 0.04 0.283822 0.645816 0.708779 0.0516913 -0.748406 0.661223 0.957483 -0.151032 -0.245797
0.978251 0.405323 0.697644 0.08 0.04 0.04 -0.764985 0.590915 0.256158 0.420085 0.156324 0.893919 0.488187 0.791443 -0.36782
0.574102 0.84372 0.196249 0.08 0.04 0.04 0.28027 0.553491 0.784281 0.407411 -0.808377 0.424904 0.869175 0.200437 -0.452061
0.173939 0.460726 0.148132 0.08 0.04 0.04 0.769372 -0.0961312 0.631526 0.194497 -0.906422 -0.374927 0.608471 0.411289 -0.678679
0.279265 0.618965 0.706424 0.08 0.04 0.04 0.431753 0.663401 0.611137 0.317437 -0.745952 0.585483 0.844288 -0.0587865 -0.532655
0.868004 0.890717 0.721191 0.08 0.04 0.04 0.644615 -0.00583142 0.764485 0.0910297 -0.992272 -0.0843253 0.759069 0.123948 -0.639102
0.46718 0.0490723 0.726155 0.08 0.04 0.04 -0.714284 0.699553 0.0205857 0.642015 0.643258 0.417176 0.278595 0.311199 -0.908592
0.127063 0.225072 0.91366 0.08 0.04 0.04 0.100048 0.189359 0.976798 0.024966 -0.981892 0.18779 0.994669 0.00559875 -0.102964
0.223738 0.188491 0.00854492 0.08 0.04 0.04 -0.891888 0.0779423 -0.445489 0.0651221 0.996905 0.0440402 0.447542 0.0102678 -0.894204
0.637505 0.843953 0.495657 0.08 0.04 0.04 0.762239 0.581536 0.284267 0.0556101 -0.49637 0.866328 0.644902 -0.644541 -0.410692
0.903757 0.149019 0.0515137 0.08 0.04 0.04 -0.0240061 0.292166 0.956066 0.381568 -0.881265 0.278888 0.924029 0.371499 -0.0903254
0.283075 0.300416 0.575818 0.08 0.04 0.04 0.0689049 0.629425 -0.774 0.99669 -0.00988528 0.0806909 0.0431377 -0.776998 -0.628023
0.76597 0.0245931 0.0387533 0.08 0.04 0.04 0.579223 0.714485 0.392442 0.674017 -0.690542 0.262398 0.458477 0.112526 -0.881553
0.469464 0.888518 0.820227 0.08 0.04 0.04 0.617852 0.231723 0.751374 0.327013 -0.944753 0.0224593 0.715067 0.231833 -0.659494
0.212267 0.248731 0.97692 0.08 0.04 0.04 0.0961722 0.232535 0.967821 0.932646 -0.360742 -0.00600253 0.347738 0.903212 -0.251566
0.0937839 0.712922 0.75037 0.08 0.04 0.04 -0.00161037 0.860022 -0.510254 0.00136053 0.510256 0.860022 0.999998 0.000690735 -0.00199178
0.00974121 0.703951 0.77877 0.08 0.04 0.04 0.0260011 0.0589582 0.997922 0.0086513 -0.998235 0.0587513 0.999624 0.00710572 -0.0264653
0.108994 0.0196452 0.693482 0.08 0.04 0.04 -0.506483 0.860872 -0.0487302 0.30926 0.234123 0.921708 0.804881 0.451758 -0.384812
0.945557 0.0193848 0.62598 0.08 0.04 0.04 -0.11623 -0.446981 -0.88696 0.0422776 0.889977 -0.454041 0.992322 -0.0902718 -0.0845448
0.384464 0.597104 0.932099 0.08 0.04 0.04 0.548851 0.211517 0.808717 0.830134 -0.251555 -0.497592 0.0981879 0.944447 -0.313653
0.154484 0.830372 0.174196 0.08 0.04 0.04 0.541829 0.791079 -0.283928 0.777371 -0.343242 0.527143 0.319556 -0.506339 -0.80094
0.527243 0.735883 0.974803 0.08 0.04 0.04 0.300697 -0.315424 0.900049 0.254015 -0.883149 -0.394365 0.91927 0.34721 -0.185438
0.191914 0.58935 0.406329 0.08 0.04 0.04 0.323979 0.831066 0.45207 0.937483 -0.346229 -0.0353613 0.127132 0.435265 -0.891281
0.562025 0.662914 0.848553 0.08 0.04 0.04 -0.329627 0.720135 0.610534 0.678452 -0.269025 0.683615 0.656544 0.639556 -0.399899
0.248167 0.375372 0.845812 0.08 0.04 0.04 0.577343 0.795591 0.183604 0.44954 -0.497442 0.741933 0.681608 -0.345813 -0.644844
0.0526774 0.954031 0.260088 0.08 0.04 0.04 -0.544841 0.460513 -0.700768 0.166591 0.878488 0.447779 0.821825 0.127227 -0.555354
0.461977 0.0583171 0.517319 0.08 0.04 0.04 -0.847086 0.384561 -0.366821 0.287688 0.912151 0.291918 0.446857 0.14175 -0.883304
0.619675 0.439824 0.39486 0.08 0.04 0.04 0.966715 -0.0663311 0.247107 0.0348461 -0.922676 -0.383998 0.253471 0.379827 -0.889654
0.560273 0.248563 0.629887 0.08 0.04 0.04 0.0428461 0.309334 -0.949988 0.754078 0.613741 0.233856 0.655386 -0.726384 -0.206965
0.780502 0.283894 0.502199 0.08 0.04 0.04 -0.0661185 0.427733 -0.901484 0.00666632 0.90363 0.428262 0.99779 0.0223065 -0.062598
0.90083 0.896697 0.527958 0.08 0.04 0.04 -0.00452031 0.415726 -0.909479 0.989145 0.135442 0.0569947 0.146876 -0.899348 -0.411826
0.822267 0.700345 0.0552246 0.08 0.04 0.04 -0.0513308 0.574903 -0.81661 0.0712986 0.817711 0.571196 0.996133 -0.0289032 -0.0829635
0.929106 0.709983 0.752777 0.08 0.04 0.04 -0.360259 0.444543 -0.820119 0.379872 0.872868 0.306266 0.852004 -0.201205 -0.483328
0.730384 0.766508 0.871088 0.08 0.04 0.04 -0.46414 0.446375 -0.765065 0.846928 0.476594 -0.235736 0.259398 -0.757369 -0.599253
0.691148 0.837451 0.0380371 0.08 0.04 0.04 0.20801 0.538789 0.816357 0.0546256 -0.839709 0.540282 0.9766 -0.0677902 -0.2041
0.28615 0.736477 0.044222 0.08 0.04 0.04 0.314644 0.861771 0.397933 0.790678 -0.469906 0.392449 0.525192 0.191155 -0.829236
0.976116 0.828034 0.488595 0.08 0.04 0.04 0.901579 0.432551 0.00748507 0.356345 -0.752329 0.554093 0.245304 -0.496891 -0.832421
0.836259 0.0299316 0.96299 0.08 0.04 0.04 -0.124612 0.565199 -0.815489 0.664084 0.658171 0.354689 0.7372 -0.497354 -0.457355
0.981188 0.701712 0.328904 0.08 0.04 0.04 -0.00778403 0.678933 -0.734159 0.00922945 0.734199 0.678872 0.999927 -0.00149153 -0.0119812
0.841411 0.523131 0.434188 0.08 0.04 0.04 -0.88082 0.372062 -0.292789 0.442326 0.867211 -0.228676 0.168828 -0.330931 -0.92843
0.00677897 0.0553874 0.687791 0.08 0.04 0.04 -0.269315 0.408719 -0.87202 0.29284 0.897354 0.330153 0.91745 -0.166447 -0.36136
0.0383545 0.141582 0.267817 0.08 0.04 0.04 0.431505 -0.44685 0.783664 0.167498 -0.813909 -0.556324 0.886424 0.371319 -0.276359
0.55679 0.685495 0.0455892 0.08 0.04 0.04 -0.437003 0.759141 -0.482424 0.821151 0.555602 0.130455 0.367069 -0.339134 -0.866169
0.768508 0.547795 0.810964 0.08 0.04 0.04 0.00472513 0.778702 0.627376 0.0143836 -0.627371 0.778588 0.999885 0.00534497 -0.0141649
0.441503 0.142454 0.361259 0.08 0.04 0.04 -0.0311553 0.931958 -0.361225 0.813048 0.233837 0.533173 0.581362 -0.277082 -0.765012
0.516772 0.5914 0.134909 0.08 0.04 0.04 0.949066 0.114145 0.293675 0.302903 -0.587128 -0.750686 0.0867382 0.801406 -0.591798
0.0181396 0.814638 0.280071 0.08 0.04 0.04 -0.946262 0.293956 0.134825 0.286161 0.566841 0.77253 0.150666 0.769598 -0.620499
0.329215 0.457572 0.490604 0.08 0.04 0.04 -0.503201 -0.0898233 -0.859489 0.585623 0.695937 -0.415593 0.63548 -0.712463 -0.297593
0.86071 0.052002 0.644267 0.08 0.04 0.04 -0.00811739 0.937296 0.348441 0.0411664 -0.347843 0.936648 0.999119 0.0219472 -0.0357615
0.34982 0.64783 0.0379069 0.08 0.04 0.04 -0.758909 -0.358245 -0.5438 0.343948 0.488578 -0.801868 0.552954 -0.795583 -0.247568
0.62033 0.0109212 0.85578 0.08 0.04 0.04 -0.0736439 0.152772 -0.985514 0.0203131 0.988222 0.151674 0.997078 -0.008849 -0.0758798
0.136533 0.0620931 0.833121 0.08 0.04 0.04 0.404237 0.247418 0.880555 0.872362 -0.39365 -0.289868 0.274912 0.885339 -0.374965
0.482413 0.751427 0.54676 0.08 0.04 0.04 -0.749626 0.449269 -0.486023 0.204297 0.855534 0.475735 0.629542 0.257331 -0.733115
0.729756 0.987443 0.014209 0.08 0.04 0.04 0.0763379 0.950459 0.301331 0.255995 -0.310765 0.915364 0.963659 0.00726218 -0.267036
0.892459 0.441317 0.971967 0.08 0.04 0.04 -0.789652 0.302661 0.53371 0.584385 0.105987 0.804525 0.186933 0.947187 -0.260563
0.900104 0.919963 0.983077 0.08 0.04 0.04 0.0721178 0.184643 0.980156 0.0957561 -0.979457 0.177466 0.992789 0.0810574 -0.0883171
0.577844 0.846001 0.65762 0.08 0.04 0.04 0.556298 -0.359454 0.749217 0.0716102 -0.877512 -0.474178 0.827892 0.317436 -0.462417
0.31645 0.894924 0.718122 0.08 0.04 0.04 -0.2213 -0.0114999 -0.975138 0.341547 0.935684 -0.0885461 0.91344 -0.352651 -0.203139
0.834008 0.140336 0.54253 0.08 0.04 0.04 -0.0388113 0.310439 -0.949801 0.13018 0.943987 0.303219 0.99073 -0.111877 -0.0770502
0.177607 0.370771 0.268205 0.08 0.04 0.04 0.670628 0.693712 -0.262721 0.685685 -0.444598 0.576341 0.283009 -0.566654 -0.773828
0.514258 0.838244 0.537493 0.08 0.04 0.04 -0.459667 -0.821581 -0.337209 0.0649401 0.34759 -0.935395 0.885714 -0.451869 -0.106422
0.362898 0.931266 0.127957 0.08 0.04 0.04 0.711047 0.699741 -0.069102 0.486713 -0.418874 0.766587 0.507467 -0.578712 -0.638412
0.304782 0.453176 0.939971 0.08 0.04 0.04 -0.499515 0.650587 0.572033 0.77614 0.0427641 0.629109 0.384828 0.758227 -0.526307
0.728105 0.951439 0.503864 0.08 0.04 0.04 -0.264327 -0.192371 -0.945053 0.207144 0.945711 -0.250442 0.941925 -0.261961 -0.210128
0.0946859 0.320466 0.462343 0.08 0.04 0.04 0.0306893 0.995065 -0.0943551 0.869187 0.0200429 0.494077 0.49353 -0.0971751 -0.864283
0.31184 0.321772 0.938624 0.08 0.04 0.04 -0.529616 0.713786 -0.458276 0.608773 0.696074 0.380627 0.59068 -0.0773997 -0.803185
0.0365641 0.828916 0.542654 0.08 0.04 0.04 0.0740852 0.806284 0.586871 0.0695131 -0.591232 0.8035 0.994826 -0.0187322 -0.0998488
0.677349 0.586002 0.112296 0.08 0.04 0.04 0.932164 -0.261874 0.249984 0.0221567 -0.647935 -0.761373 0.361357 0.715264 -0.59818
0.13365 0.0406738 0.94829 0.08 0.04 0.04 -0.330335 0.9438 0.0109923 0.0518459 0.00651543 0.998634 0.942439 0.330454 -0.0510845
0.997482 0.924816 0.987706 0.08 0.04 0.04 0.489257 0.868605 0.0784457 0.302836 -0.253547 0.918697 0.817874 -0.425722 -0.387095
0.0333415 0.833417 0.00222982 0.08 0.04 0.04 0.0335551 0.354542 0.934438 0.282835 -0.900113 0.331362 0.958581 0.253173 -0.13048
0.934379 0.0972066 0.824377 0.08 0.04 0.04 -0.589616 -0.67677 -0.440835 0.176335 0.424773 -0.887961 0.788199 -0.601291 -0.131115
0.0666097 0.635063 0.621497 0.08 0.04 0.04 0.160938 0.0587832 0.985212 0.664331 -0.744686 -0.0640885 0.729907 0.664821 -0.158899
0.262136 0.568514 0.938251 0.08 0.04 0.04 0.670712 0.419467 0.611713 0.220883 -0.900264 0.375147 0.708065 -0.116499 -0.696471
0.049292 0.330635 0.888316 0.08 0.04 0.04 0.413209 0.910231 0.0271479 0.65512 -0.317842 0.685416 0.632515 -0.265435 -0.727646
0.231442 0.0085083 0.0276855 0.08 0.04 0.04 -0.834616 0.0463421 -0.548879 0.438533 0.658883 -0.611197 0.333323 -0.750817 -0.570237
0.585298 0.545725 0.292688 0.08 0.04 0.04 -0.416287 0.206775 -0.885409 0.367301 0.929048 0.044274 0.831742 -0.306781 -0.462699
0.551234 0.146334 0.358646 0.08 0.04 0.04 -0.729355 0.0478226 -0.682461 0.0757963 0.997061 -0.0111367 0.679923 -0.0598507 -0.730837
0.410697 0.465941 0.857233 0.08 0.04 0.04 -0.353884 0.82247 0.445319 0.514485 -0.226438 0.827062 0.781071 0.521794 -0.343016
0.939637 0.388179 0.435668 0.08 0.04 0.04 0.487167 0.872752 -0.031197 0.440532 -0.214745 0.871675 0.754056 -0.438394 -0.489091
0.260965 0.298262 0.297847 0.08 0.04 0.04 -0.137155 0.497777 -0.856391 0.131906 0.86604 0.48226 0.981728 -0.0468192 -0.184442
0.626343 0.325016 0.306362 0.08 0.04 0.04 -0.0844183 0.940682 0.32862 0.510049 -0.242521 0.825247 0.855992 0.237279 -0.459321
0.131862 0.853847 0.582921 0.08 0.04 0.04 0.280178 0.956236 0.0843369 0.161757 -0.133629 0.977741 0.946221 -0.260299 -0.192118
0.0203532 0.526023 0.927283 0.08 0.04 0.04 0.215811 0.192979 0.957175 0.000496325 -0.980297 0.197529 0.976435 -0.0421538 -0.211655
0.352455 0.930873 0.339116 0.08 0.04 0.04 0.545916 0.735366 -0.401512 0.836806 -0.454758 0.304878 0.0416058 -0.502425 -0.863619
0.945017 0.867828 0.0289876 0.08 0.04 0.04 0.576061 0.449764 0.682544 0.0260727 -0.844696 0.53461 0.816991 -0.290172 -0.498323
0.0426514 0.818447 0.161704 0.08 0.04 0.04 -0.471659 0.464685 -0.749403 0.0257253 0.856764 0.515066 0.881406 0.223657 -0.416055
0.620483 0.292006 0.922122 0.08 0.04 0.04 -0.0186619 0.994448 0.103566 0.328788 -0.0917191 0.93994 0.94422 0.0515922 -0.32525
0.290501 0.533813 0.728146 0.08 0.04 0.04 -0.802192 -0.214264 -0.557297 0.0734322 0.8909 -0.448225 0.592534 -0.400486 -0.698938
0.371733 0.629812 0.290727 0.08 0.04 0.04 -0.85135 0.357282 -0.384125 0.364025 0.929592 0.057829 0.377741 -0.0905984 -0.921468
0.237187 0.797145 0.896324 0.08 0.04 0.04 0.791332 0.198988 0.578099 0.589319 -0.500009 -0.634582 0.16278 0.842849 -0.51294
0.714196 0.188248 0.799386 0.08 0.04 0.04 0.0920607 0.933594 -0.346304 0.52595 0.249719 0.81303 0.845519 -0.256987 -0.468034
0.762712 0.873075 0.62913 0.08 0.04 0.04 -0.0735268 0.855961 -0.511786 0.461807 0.484063 0.743248 0.883928 -0.181698 -0.43088
0.751624 0.207756 0.049821 0.08 0.04 0.04 -0.101892 0.879307 0.465228 0.138817 -0.450519 0.881909 0.985062 0.154441 -0.0761585
0.960029 0.767448 0.0640137 0.08 0.04 0.04 0.472524 0.490308 0.732338 0.814069 -0.561185 -0.149541 0.337656 0.666835 -0.664318
0.817172 0.401035 0.382807 0.08 0.04 0.04 0.0865763 0.549674 0.830881 0.47736 -0.754925 0.449684 0.874432 0.357698 -0.327751
0.744147 0.803298 0.309254 0.08 0.04 0.04 -0.287555 0.215695 -0.93316 0.610806 0.791763 -0.00520931 0.737718 -0.571478 -0.359423
0.435252 0.803929 0.0282715 0.08 0.04 0.04 -0.422236 -0.435176 -0.795197 0.264983 0.77966 -0.567375 0.866891 -0.45028 -0.213887
