%单胞内颗粒个数和体积分数
208 0.0996205
%单胞起始点坐标
0 0 0
%单胞长宽高
1 1 1
%输出椭球15个参数:椭球中心坐标、尺寸、方位角
0.294514 0.288236 0.903042 0.08 0.04 0.04 0.393795 0.917792 0.0508336 0.361068 -0.205306 0.909659 0.845314 -0.339865 -0.412233
0.884176 0.644468 0.0132324 0.08 0.04 0.04 -0.552255 0.516489 -0.654411 0.179565 0.84024 0.511618 0.814107 0.165034 -0.55677
0.262057 0.540192 0.366284 0.08 0.04 0.04 -0.120251 0.725688 -0.677433 0.782284 0.489393 0.385391 0.611205 -0.483602 -0.626544
0.318058 0.204117 0.884128 0.08 0.04 0.04 0.843909 0.223821 0.487568 0.194851 -0.974628 0.110151 0.499851 0.00204567 -0.866109
0.923208 0.720944 0.266245 0.08 0.04 0.04 0.0240273 0.893855 0.447711 0.0429732 -0.44835 0.892825 0.998787 -0.00221256 -0.0491845
0.41185 0.467467 0.151834 0.08 0.04 0.04 -0.760029 0.376218 0.529921 0.649136 0.400242 0.64686 0.0312636 0.835623 -0.548412
0.153859 0.905766 0.744766 0.08 0.04 0.04 0.14084 -0.120736 0.982643 0.213375 -0.965508 -0.149214 0.966765 0.230687 -0.11022
0.533243 0.153109 0.0461751 0.08 0.04 0.04 0.426401 0.462494 0.777356 0.858999 -0.476282 -0.187817 0.283377 0.747833 -0.600369
0.956068 0.345917 0.6644 0.08 0.04 0.04 -0.395428 0.71821 0.572548 0.825122 0.0039276 0.564941 0.403497 0.695815 -0.594164
0.776943 0.0502767 0.963108 0.08 0.04 0.04 -0.525754 -0.769785 -0.361958 0.102045 0.365365 -0.925254 0.844494 -0.523392 -0.113539
0.524686 0.996294 0.871399 0.08 0.04 0.04 0.536005 0.84413 0.0119713 0.812057 -0.519412 0.266034 0.230786 -0.132874 -0.963889
0.91821 0.787871 0.382425 0.08 0.04 0.04 -0.363515 0.276953 -0.889468 0.159073 0.959218 0.23366 0.917907 -0.0565512 -0.392746
0.601831 0.281679 0.34023 0.08 0.04 0.04 0.176606 0.716713 0.674635 0.404459 -0.677711 0.614101 0.897342 0.164408 -0.409569
0.876679 0.831408 0.21982 0.08 0.04 0.04 0.180976 0.297049 0.937555 0.10393 -0.953735 0.282114 0.977981 0.0463841 -0.203475
0.706289 0.126681 0.773263 0.08 0.04 0.04 -0.418064 0.342937 -0.8412 0.306917 0.924875 0.224517 0.855 -0.164316 -0.49191
0.719986 0.260566 0.532774 0.08 0.04 0.04 -0.805304 0.513651 -0.296053 0.591205 0.733063 -0.336296 0.0442865 -0.445849 -0.894012
0.959612 0.972292 0.151471 0.08 0.04 0.04 -0.0540678 0.995273 -0.0806785 0.148685 0.0879205 0.984968 0.987405 0.0412594 -0.152736
0.698671 0.895856 0.610961 0.08 0.04 0.04 0.504306 0.77496 0.380936 0.3063 -0.572991 0.760172 0.807376 -0.266679 -0.526333
0.41878 0.0413574 0.28318 0.08 0.04 0.04 0.371972 0.823164 -0.428996 0.594781 0.143455 0.790984 0.712652 -0.549383 -0.436241
0.311924 0.124979 0.996628 0.08 0.04 0.04 -0.924281 0.374885 0.0718674 0.377728 0.871146 0.313729 0.0550056 0.317121 -0.946789
0.990862 0.678252 0.528953 0.08 0.04 0.04 0.266819 0.739171 0.618412 0.758868 -0.556684 0.337969 0.594077 0.379116 -0.709467
0.710529 0.514731 0.198842 0.08 0.04 0.04 -0.926342 0.0131242 -0.376455 0.133044 0.94638 -0.294387 0.352406 -0.322788 -0.878418
0.886965 0.547857 0.562343 0.08 0.04 0.04 -0.495077 0.733083 -0.466355 0.0711044 0.569135 0.819164 0.865935 0.372389 -0.333891
0.263134 0.843441 0.031071 0.08 0.04 0.04 -0.0903773 0.300559 -0.949471 0.702253 0.695241 0.153236 0.706168 -0.65292 -0.273902
0.813261 0.164557 0.52366 0.08 0.04 0.04 -0.999557 0.0296739 -0.00241628 0.0199849 0.728907 0.684321 0.0220677 0.683969 -0.729177
0.642822 0.761383 0.139857 0.08 0.04 0.04 -0.643332 -0.00636229 -0.765561 0.244673 0.945815 -0.213469 0.725437 -0.324644 -0.606916
0.643213 0.453226 0.129579 0.08 0.04 0.04 -0.088135 0.930153 0.356439 0.573356 -0.24524 0.781742 0.814552 0.273265 -0.511694
0.0111491 0.264029 0.33912 0.08 0.04 0.04 -0.475559 0.854927 -0.207228 0.668084 0.504255 0.547166 0.572282 0.121764 -0.810966
0.818957 0.8496 0.421556 0.08 0.04 0.04 0.458871 0.748009 -0.4795 0.626091 0.110705 0.771852 0.630435 -0.65439 -0.417522
0.665012 0.0489095 0.631657 0.08 0.04 0.04 0.395871 0.232834 -0.888299 0.849183 0.275375 0.450618 0.349535 -0.932715 -0.0887057
0.693278 0.00138346 0.72676 0.08 0.04 0.04 -0.185408 0.917966 -0.350659 0.551637 0.392543 0.735939 0.813216 -0.0569877 -0.579165
0.537624 0.145741 0.970919 0.08 0.04 0.04 -0.147089 0.88924 -0.433147 0.24261 0.456968 0.855757 0.958908 0.020787 -0.282954
0.0065918 0.795137 0.43334 0.08 0.04 0.04 -0.311733 0.67761 -0.666083 0.395357 0.729951 0.557552 0.864011 -0.089533 -0.495448
0.633561 0.808737 0.296768 0.08 0.04 0.04 0.463141 0.511922 -0.723489 0.87824 -0.155346 0.452286 0.119144 -0.844869 -0.521538
0.0974979 0.15576 0.914951 0.08 0.04 0.04 0.200906 0.617024 0.760866 0.150819 -0.786925 0.598333 0.967931 -0.00545562 -0.251157
0.368777 0.75457 0.352757 0.08 0.04 0.04 -0.0298602 0.477435 0.878159 0.99945 0.00160176 0.0331136 0.014403 0.878666 -0.477221
0.70116 0.903625 0.976961 0.08 0.04 0.04 0.138329 0.934006 -0.32939 0.162221 0.306728 0.937871 0.97701 -0.183169 -0.109086
0.830063 0.490635 0.0615397 0.08 0.04 0.04 0.0238715 -0.0580407 0.998029 0.017021 -0.998145 -0.0584546 0.99957 0.0183828 -0.0228393
0.362977 0.603305 0.357711 0.08 0.04 0.04 0.0834071 0.239855 0.967219 0.896314 -0.442237 0.0323751 0.435506 0.864231 -0.251871
0.249631 0.732529 0.016097 0.08 0.04 0.04 0.142749 -0.0537525 0.988298 0.137481 -0.987768 -0.0735813 0.980164 0.146376 -0.133613
0.783128 0.644976 0.0386882 0.08 0.04 0.04 -0.122009 0.37371 -0.919486 0.162798 0.921395 0.352884 0.979087 -0.106636 -0.173258
0.932838 0.0162923 0.328531 0.08 0.04 0.04 0.69445 0.669965 0.262462 0.29249 -0.596108 0.747733 0.657411 -0.442495 -0.609926
0.984845 0.952388 0.789048 0.08 0.04 0.04 0.591507 0.781477 -0.198527 0.628442 -0.292577 0.720736 0.505153 -0.551083 -0.664174
0.303968 0.952098 0.718627 0.08 0.04 0.04 -0.295069 0.41534 -0.860481 0.811432 0.584434 0.00384658 0.504492 -0.697087 -0.509468
0.85698 0.510134 0.209739 0.08 0.04 0.04 0.718395 0.667589 0.195536 0.366935 -0.602465 0.708798 0.590989 -0.437448 -0.677769
0.0245605 0.83437 0.799065 0.08 0.04 0.04 0.682829 0.0770681 0.726502 0.414729 -0.859551 -0.298617 0.601451 0.505206 -0.618889
0.485651 0.123808 0.838536 0.08 0.04 0.04 0.88497 -0.412713 0.215628 0.00542743 -0.453897 -0.891038 0.465616 0.789712 -0.399445
0.152935 0.651825 0.295491 0.08 0.04 0.04 0.70379 -0.279512 0.65311 0.316968 -0.699212 -0.640807 0.635776 0.658009 -0.403502
0.814842 0.738315 0.704048 0.08 0.04 0.04 -0.223445 0.725239 0.65123 0.97128 0.109617 0.211184 0.081773 0.679715 -0.728904
0.604266 0.580709 0.973646 0.08 0.04 0.04 0.459421 0.880968 0.113256 0.821684 -0.469959 0.322451 0.337295 -0.0550802 -0.939786
0.239392 0.36793 0.269042 0.08 0.04 0.04 -0.261494 0.70561 -0.658586 0.456187 0.691658 0.559912 0.850596 -0.154025 -0.502755
0.489971 0.272151 0.982381 0.08 0.04 0.04 -0.659174 0.42854 -0.617935 0.562996 0.825994 -0.0277394 0.498523 -0.36618 -0.78574
0.771571 0.63494 0.277556 0.08 0.04 0.04 -0.279378 0.952758 -0.119166 0.175031 0.172562 0.969323 0.944093 0.24995 -0.214972
0.325049 0.271655 0.016748 0.08 0.04 0.04 -0.430019 0.900808 -0.060238 0.269408 0.191717 0.94375 0.861686 0.389602 -0.325127
0.324985 0.120071 0.870577 0.08 0.04 0.04 0.996801 0.00722287 0.0795978 0.0796403 -0.173713 -0.981571 0.00673744 0.98477 -0.173733
0.193737 0.146193 0.586 0.08 0.04 0.04 0.00709087 0.168151 0.985736 4.34875e-05 -0.985761 0.168155 0.999975 -0.0011495 -0.00699721
0.0347168 0.923967 0.645282 0.08 0.04 0.04 0.869232 0.368887 0.329178 0.417419 -0.904367 -0.088783 0.264947 0.214578 -0.940085
0.84494 0.37493 0.40136 0.08 0.04 0.04 -0.0362478 -0.0634462 -0.997327 0.0376967 0.997186 -0.0648073 0.998632 -0.0399451 -0.033754
0.356325 0.567412 0.631913 0.08 0.04 0.04 0.259791 -0.0851329 0.961905 0.0875473 -0.989928 -0.111258 0.961688 0.113116 -0.249721
0.136957 0.773858 0.891209 0.08 0.04 0.04 0.465718 0.424012 0.776737 0.574104 -0.812722 0.0994327 0.673432 0.39962 -0.621927
0.972734 0.0234538 0.000732422 0.08 0.04 0.04 0.306343 0.373153 0.875734 0.944721 -0.232116 -0.23157 0.11686 0.898264 -0.423633
0.724698 0.572599 0.062972 0.08 0.04 0.04 -0.52051 0.285461 -0.804725 0.227773 0.954729 0.191345 0.822915 -0.0836977 -0.561966
0.689545 0.160514 0.304188 0.08 0.04 0.04 0.247207 0.457525 -0.854143 0.530284 0.673898 0.514451 0.81098 -0.580114 -0.0760257
0.0385579 0.600001 0.353162 0.08 0.04 0.04 -0.323833 0.942657 -0.0808095 0.32065 0.189707 0.928006 0.890121 0.274607 -0.363696
0.287601 0.550173 0.0647298 0.08 0.04 0.04 -0.143899 0.595401 -0.790437 0.0853111 0.80324 0.589515 0.985908 0.0173978 -0.16638
0.280735 0.269762 0.602772 0.08 0.04 0.04 0.26926 0.40048 0.875851 0.830361 -0.557226 -0.000484774 0.487853 0.727403 -0.482581
0.947227 0.598151 0.326645 0.08 0.04 0.04 0.0752039 0.374169 0.924306 0.108073 -0.924529 0.365466 0.991294 0.0724078 -0.109966
0.470642 0.962147 0.228684 0.08 0.04 0.04 0.235703 0.971511 0.0246863 0.0730428 -0.04304 0.9964 0.969076 -0.233052 -0.0811065
0.204249 0.0624512 0.455753 0.08 0.04 0.04 0.596428 0.668228 0.444684 0.603309 -0.738625 0.300752 0.529426 0.0889045 -0.843685
0.23361 0.175988 0.754181 0.08 0.04 0.04 0.327492 -0.0372629 0.944119 0.424586 -0.886849 -0.182281 0.844083 0.460555 -0.274614
0.168663 0.318013 0.824482 0.08 0.04 0.04 -0.854352 0.205339 -0.477409 0.165824 0.978324 0.124036 0.49253 0.0268043 -0.869883
0.0227376 0.455202 0.141877 0.08 0.04 0.04 -0.0826219 0.952028 0.294645 0.122314 -0.283733 0.95107 0.989046 0.114618 -0.0930037
0.990201 0.0730961 0.736079 0.08 0.04 0.04 0.196081 0.346438 0.917351 0.179785 -0.932354 0.313676 0.963966 0.10342 -0.245101
0.724553 0.77789 0.74706 0.08 0.04 0.04 0.588569 0.345873 -0.730725 0.803054 -0.145893 0.577772 0.0932279 -0.92687 -0.363622
0.16853 0.174719 0.289296 0.08 0.04 0.04 -0.0767608 -0.495278 -0.865337 0.00153474 0.867838 -0.496845 0.997048 -0.0394663 -0.0658558
0.123046 0.316006 0.0304199 0.08 0.04 0.04 -0.435526 -0.780553 -0.448392 0.0516832 0.475611 -0.878136 0.898691 -0.405625 -0.166799
0.767669 0.601368 0.786718 0.08 0.04 0.04 0.331324 0.750409 0.571936 0.942328 -0.293601 -0.160674 0.0473497 0.592187 -0.804408
0.342141 0.970408 0.995601 0.08 0.04 0.04 0.812342 0.428022 -0.396102 0.549672 -0.335041 0.765251 0.194834 -0.839372 -0.507439
0.836766 0.681948 0.375423 0.08 0.04 0.04 0.198168 0.909149 -0.366301 0.563616 0.200055 0.801446 0.801914 -0.365274 -0.472767
0.531196 0.00900065 0.194021 0.08 0.04 0.04 0.375806 -0.793132 0.479283 0.0300254 -0.506501 -0.861716 0.926212 0.338229 -0.166532
0.417728 0.574818 0.201998 0.08 0.04 0.04 0.130312 0.983883 0.122448 0.187267 -0.145702 0.971443 0.973627 -0.103661 -0.203235
0.727257 0.785014 0.632061 0.08 0.04 0.04 0.0936454 0.735057 0.671507 0.484538 -0.622853 0.614228 0.869743 0.267851 -0.414491
0.773419 0.461814 0.884322 0.08 0.04 0.04 -0.856314 0.126959 -0.500607 0.0381503 0.982215 0.183842 0.515044 0.138328 -0.845929
0.924581 0.316161 0.309957 0.08 0.04 0.04 -0.802874 -0.519658 -0.292146 0.155833 0.290074 -0.944232 0.575421 -0.803625 -0.151913
0.965196 0.329699 0.973262 0.08 0.04 0.04 -0.462283 0.885256 0.0511466 0.530554 0.229919 0.815873 0.710497 0.404301 -0.575964
0.821275 0.542519 0.447567 0.08 0.04 0.04 -0.187831 0.367596 -0.91082 0.21557 0.920143 0.326904 0.958253 -0.134943 -0.252074
0.291043 0.426847 0.465771 0.08 0.04 0.04 0.282707 0.946067 -0.15822 0.87183 -0.184651 0.453671 0.399987 -0.266197 -0.877012
0.204974 0.258512 0.423708 0.08 0.04 0.04 0.0594754 -0.569207 0.82004 0.0381513 -0.819598 -0.571667 0.9975 0.0652858 -0.0270299
0.419789 0.348839 0.19839 0.08 0.04 0.04 0.893248 0.0600813 0.445531 0.229459 -0.913151 -0.336903 0.386596 0.403169 -0.829457
0.693146 0.290326 0.0193522 0.08 0.04 0.04 0.803317 -0.176711 0.568731 0.361792 -0.613753 -0.701722 0.473062 0.769468 -0.429105
0.131041 0.0353678 0.802581 0.08 0.04 0.04 0.991348 0.0950987 0.0904738 0.0792047 -0.983037 0.16542 0.10467 -0.156823 -0.982064
0.0142741 0.400085 0.549326 0.08 0.04 0.04 -0.236374 0.965683 0.107631 0.837188 0.146183 0.527017 0.493197 0.214681 -0.843012
0.835296 0.301669 0.460474 0.08 0.04 0.04 0.140578 0.941225 -0.307137 0.321948 0.249901 0.913181 0.936262 -0.227255 -0.267895
0.970545 0.0330562 0.537158 0.08 0.04 0.04 -0.826005 0.496803 0.266275 0.436436 0.264748 0.859903 0.356707 0.826496 -0.435506
0.644385 0.176103 0.994546 0.08 0.04 0.04 -0.653214 0.173705 -0.736979 0.679326 0.564321 -0.469104 0.334407 -0.807074 -0.486625
0.340198 0.374086 0.245103 0.08 0.04 0.04 0.481716 0.614914 0.624364 0.361622 -0.788472 0.497536 0.798235 -0.0138878 -0.602186
0.155342 0.999335 0.565849 0.08 0.04 0.04 0.210885 0.539111 0.815406 0.0597233 -0.839713 0.539736 0.975685 -0.0651236 -0.209281
0.707251 0.640873 0.912453 0.08 0.04 0.04 -0.103892 0.987777 -0.116201 0.0454629 0.121428 0.991559 0.993549 0.0977326 -0.0575226
0.0369954 0.379135 0.629478 0.08 0.04 0.04 -0.801212 0.21011 -0.560279 0.529763 0.68443 -0.500905 0.278227 -0.698147 -0.659682
0.419861 0.165612 0.469548 0.08 0.04 0.04 0.0116105 0.931473 0.363624 0.0813006 -0.363324 0.928109 0.996622 0.018787 -0.0799477
0.303346 0.168404 0.454492 0.08 0.04 0.04 -0.845969 0.505185 0.170659 0.229857 0.0567008 0.971571 0.481147 0.861147 -0.164087
0.238409 0.374837 0.730822 0.08 0.04 0.04 -0.0633401 0.698288 0.713009 0.610023 -0.538347 0.581424 0.789848 0.47178 -0.391873
0.321846 0.95779 0.427593 0.08 0.04 0.04 0.702183 0.629835 0.332034 0.126218 -0.569071 0.812544 0.700719 -0.528646 -0.479088
0.0170085 0.67656 0.0537272 0.08 0.04 0.04 0.465609 0.40233 0.788251 0.494682 -0.856867 0.145151 0.733825 0.32235 -0.59799
0.384852 0.94652 0.577635 0.08 0.04 0.04 0.0121318 0.29434 0.955624 0.00696701 -0.955696 0.294273 0.999902 0.00308776 -0.013645
0.372301 0.0464355 0.702267 0.08 0.04 0.04 0.794367 -0.102252 0.59877 0.0243662 -0.979573 -0.199607 0.606949 0.173151 -0.775649
0.435375 0.111611 0.000276693 0.08 0.04 0.04 -0.246064 0.847463 0.470383 0.796271 -0.0999552 0.596625 0.552634 0.52136 -0.650215
0.431254 0.736706 0.77578 0.08 0.04 0.04 0.22513 0.962584 -0.150825 0.920056 -0.159084 0.358035 0.320645 -0.219371 -0.921446
0.508177 0.541385 0.946969 0.08 0.04 0.04 0.081357 0.952167 -0.294548 0.23139 0.269409 0.934814 0.969453 -0.144209 -0.198403
0.536699 0.390217 0.33256 0.08 0.04 0.04 -0.307187 0.558633 -0.770432 0.125539 0.826288 0.549079 0.943333 0.0719508 -0.323955
0.1491 0.169809 0.474566 0.08 0.04 0.04 -0.931739 0.356377 0.0696948 0.277875 0.576179 0.768637 0.233768 0.735536 -0.635877
0.213985 0.040446 0.899301 0.08 0.04 0.04 0.35372 0.170565 -0.919668 0.932286 0.0152413 0.3614 0.0756593 -0.985228 -0.153625
0.0544963 0.577611 0.0366699 0.08 0.04 0.04 -0.45354 0.762419 0.46154 0.575204 -0.145162 0.805027 0.680766 0.630591 -0.37271
0.846755 0.420066 0.542173 0.08 0.04 0.04 -0.248366 0.381855 -0.890225 0.87966 0.473725 -0.042218 0.405601 -0.793581 -0.45356
0.656264 0.67255 0.676805 0.08 0.04 0.04 0.760879 0.18099 0.623142 0.542526 -0.704275 -0.457889 0.355991 0.686468 -0.63406
0.0569173 0.854871 0.545895 0.08 0.04 0.04 -0.466119 -0.421693 -0.777758 0.231841 0.790159 -0.567362 0.853805 -0.444774 -0.270542
0.143084 0.38033 0.283624 0.08 0.04 0.04 -0.377978 0.919792 0.10543 0.698574 0.208617 0.684451 0.607558 0.332358 -0.721395
0.818757 0.914177 0.00288086 0.08 0.04 0.04 -0.650465 0.677616 -0.343119 0.19399 0.58498 0.787506 0.734345 0.445684 -0.51196
0.389314 0.180209 0.35418 0.08 0.04 0.04 -0.674266 0.701739 -0.23006 0.377702 0.595394 0.709117 0.634591 0.39124 -0.666502
0.474919 0.301625 0.549448 0.08 0.04 0.04 -0.428979 -0.00888537 -0.903271 0.70756 0.618316 -0.342115 0.561547 -0.785879 -0.258958
0.954118 0.338475 0.564289 0.08 0.04 0.04 0.345782 0.430412 0.833775 0.696589 -0.713083 0.0792204 0.628648 0.553406 -0.546392
0.398717 0.0508626 0.449827 0.08 0.04 0.04 0.268744 -0.853674 0.446113 0.0415298 -0.452452 -0.890821 0.962316 0.257929 -0.0861406
0.19364 0.290077 0.995832 0.08 0.04 0.04 0.98113 0.186785 0.0499576 0.127062 -0.817619 0.561565 0.145738 -0.54462 -0.825923
0.691557 0.388641 0.825015 0.08 0.04 0.04 0.66699 -0.364756 0.649675 0.0863791 -0.828233 -0.553687 0.740043 0.425422 -0.520916
0.513825 0.987946 0.370869 0.08 0.04 0.04 0.76637 -0.0425579 0.640988 0.137756 -0.963704 -0.228686 0.627455 0.263558 -0.732692
0.259595 0.392202 0.570128 0.08 0.04 0.04 -0.653565 -0.0562193 -0.75478 0.143572 0.969923 -0.196564 0.743128 -0.236833 -0.625836
0.884646 0.160177 0.26454 0.08 0.04 0.04 -0.64418 0.6276 -0.437208 0.523416 0.778515 0.346339 0.557735 -0.0057371 -0.829999
0.145025 0.395296 0.145947 0.08 0.04 0.04 -0.0550439 0.934513 -0.351647 0.530123 0.325796 0.782832 0.846132 -0.143326 -0.51334
0.612302 0.778791 0.512955 0.08 0.04 0.04 -0.00459516 0.91811 0.396298 0.861075 -0.197872 0.468398 0.508458 0.343395 -0.789652
0.00613607 0.642495 0.608517 0.08 0.04 0.04 -0.0292032 0.570821 0.820555 0.977458 -0.155416 0.142903 0.209099 0.806232 -0.553415
0.656671 0.0300944 0.92934 0.08 0.04 0.04 -0.720009 0.216204 -0.659426 0.646163 0.555431 -0.523421 0.2531 -0.802965 -0.539618
0.364423 0.152852 0.600062 0.08 0.04 0.04 -0.200111 0.969432 -0.141977 0.146909 0.172958 0.973911 0.968697 0.174033 -0.177029
0.668041 0.661666 0.298241 0.08 0.04 0.04 -0.527095 0.73881 -0.419918 0.780314 0.616481 0.105171 0.336573 -0.272233 -0.901448
0.423647 0.740559 0.42738 0.08 0.04 0.04 0.258156 0.727923 0.635204 0.953119 -0.299331 -0.0443377 0.157861 0.616871 -0.771071
0.328621 0.488435 0.273462 0.08 0.04 0.04 0.00891472 0.328719 0.944386 0.0530844 -0.943247 0.327822 0.99855 0.0472097 -0.0258586
0.198609 0.897078 0.502471 0.08 0.04 0.04 -0.531883 0.680768 0.503642 0.581021 -0.139291 0.80188 0.616047 0.719133 -0.321454
0.785097 0.320025 0.890479 0.08 0.04 0.04 -0.0755868 0.736514 -0.672186 0.491724 0.613979 0.617444 0.867464 -0.283859 -0.408571
0.453622 0.755519 0.200343 0.08 0.04 0.04 -0.0710569 0.894327 0.441735 0.89838 -0.135055 0.417941 0.433434 0.426543 -0.793849
0.0019043 0.758326 0.983282 0.08 0.04 0.04 -0.215581 0.796745 0.564555 0.937097 0.00625489 0.349013 0.274543 0.604283 -0.747976
0.0213908 0.0465861 0.033964 0.08 0.04 0.04 -0.388336 -0.00744881 -0.921488 0.468405 0.859558 -0.204345 0.793594 -0.510984 -0.330308
0.963161 0.443477 0.86245 0.08 0.04 0.04 0.89391 0.443034 0.0681585 0.402593 -0.860387 0.312496 0.197089 -0.251903 -0.947471
0.757012 0.40126 0.046696 0.08 0.04 0.04 0.208258 0.873448 -0.440133 0.768894 0.131923 0.625619 0.604509 -0.468705 -0.644115
0.42368 0.998473 0.910659 0.08 0.04 0.04 0.0243566 0.990389 0.13615 0.0116964 -0.136463 0.990576 0.999635 -0.0225346 -0.0149078
0.651038 0.797922 0.989085 0.08 0.04 0.04 0.107916 0.355131 0.928567 0.114655 -0.932235 0.343209 0.987526 0.0694268 -0.141321
0.984114 0.147676 0.0337402 0.08 0.04 0.04 0.452338 0.537509 0.71167 0.164896 -0.834621 0.525564 0.87647 -0.120381 -0.466164
0.338447 0.0544434 0.17442 0.08 0.04 0.04 0.499775 0.0568947 0.864284 0.647948 -0.686741 -0.329471 0.574794 0.724672 -0.380081
0.801823 0.703816 0.472245 0.08 0.04 0.04 0.019145 0.999633 -0.0191861 0.997287 -0.017729 0.0714384 0.0710721 -0.0205018 -0.99726
0.98502 0.644733 0.0317871 0.08 0.04 0.04 0.107676 0.991203 0.0769517 0.264078 -0.103136 0.958971 0.958472 -0.0829368 -0.27286
0.0275553 0.00932617 0.266196 0.08 0.04 0.04 0.555801 0.643436 -0.526379 0.485061 0.263218 0.833926 0.675131 -0.718823 -0.165809
0.739908 0.381557 0.225137 0.08 0.04 0.04 0.471115 0.881695 0.0257964 0.184955 -0.127337 0.974462 0.862463 -0.454312 -0.223064
0.940753 0.472691 0.0149902 0.08 0.04 0.04 -0.746544 0.641476 -0.176582 0.348747 0.603301 0.71722 0.566611 0.473854 -0.674103
0.576909 0.930097 0.214668 0.08 0.04 0.04 -0.606237 -0.347185 -0.7155 0.301533 0.732159 -0.610755 0.735904 -0.586009 -0.339174
0.224168 0.278709 0.0177246 0.08 0.04 0.04 -0.333729 0.696707 -0.634999 0.494055 0.702962 0.511619 0.802829 -0.142982 -0.57881
0.813501 0.170393 0.986316 0.08 0.04 0.04 0.284641 0.413052 0.865083 0.57342 -0.796531 0.191646 0.768225 0.441505 -0.463577
0.299279 0.879957 0.561354 0.08 0.04 0.04 0.159013 -0.517791 0.840599 0.0862011 -0.840899 -0.534282 0.983506 0.157419 -0.0890799
0.293827 0.759708 0.976606 0.08 0.04 0.04 0.419255 0.905305 0.0681715 0.240768 -0.183274 0.953122 0.87536 -0.383188 -0.294807
0.836118 0.399971 0.233584 0.08 0.04 0.04 0.00378129 0.999698 0.0242781 0.0406346 -0.0244118 0.998876 0.999167 -0.0027905 -0.0407147
0.923014 0.216878 0.0325684 0.08 0.04 0.04 0.046956 0.271454 0.961305 0.504601 -0.836995 0.211703 0.862075 0.475135 -0.176278
0.596216 0.0235189 0.321182 0.08 0.04 0.04 -0.147766 -0.592323 -0.792034 0.103 0.787255 -0.607965 0.983644 -0.171416 -0.0553202
0.573332 0.35845 0.544938 0.08 0.04 0.04 -0.260865 0.74204 -0.617516 0.844168 0.485656 0.226978 0.468327 -0.462077 -0.753097
0.231984 0.00366211 0.69178 0.08 0.04 0.04 0.750465 0.0506319 0.658968 0.316083 -0.903137 -0.290577 0.580426 0.426356 -0.693776
0.240842 0.744194 0.143908 0.08 0.04 0.04 -0.762896 0.640469 0.0882552 0.589407 0.632893 0.502041 0.265686 0.435024 -0.860329
0.161062 0.95435 0.181295 0.08 0.04 0.04 0.36987 0.430664 0.823241 0.907115 -0.358943 -0.219779 0.200845 0.828063 -0.523423
0.835414 0.147946 0.830505 0.08 0.04 0.04 -0.62146 0.179336 -0.762644 0.749596 0.419157 -0.512263 0.227801 -0.890026 -0.394919
0.307734 0.997073 0.561536 0.08 0.04 0.04 -0.232353 0.972271 0.0264637 0.638966 0.132074 0.757812 0.733304 0.19299 -0.651936
0.820165 0.938517 0.276929 0.08 0.04 0.04 0.331002 0.686458 0.647467 0.451625 -0.7177 0.530039 0.828536 0.116968 -0.547582
0.881659 0.825639 0.0358887 0.08 0.04 0.04 -0.199783 0.725722 -0.658342 0.510079 0.650698 0.562505 0.836604 -0.223428 -0.500174
0.789191 0.51336 0.296608 0.08 0.04 0.04 0.242507 0.509377 0.825666 0.0314061 -0.854747 0.518094 0.969641 -0.0997104 -0.22328
0.345926 0.101567 0.00359701 0.08 0.04 0.04 -0.17052 -0.0527171 -0.983943 0.177336 0.980621 -0.0832719 0.969265 -0.188688 -0.157867
0.709774 0.277341 0.799472 0.08 0.04 0.04 0.799054 0.00404176 0.601246 0.599845 -0.073918 -0.796694 0.0412229 0.997256 -0.0614889
0.438453 0.756729 0.665794 0.08 0.04 0.04 0.0242537 0.936667 0.349381 0.354776 -0.334801 0.87295 0.934637 0.10278 -0.340428
0.334057 0.391769 0.66831 0.08 0.04 0.04 0.453247 0.752935 0.477133 0.116431 -0.580693 0.805754 0.883748 -0.309652 -0.350862
0.621937 0.651579 0.188175 0.08 0.04 0.04 0.0716639 -0.203381 0.976473 0.128172 -0.968996 -0.211231 0.989159 0.140294 -0.0433742
0.488461 0.288817 0.313689 0.08 0.04 0.04 -0.760305 0.567816 0.315469 0.55817 0.322699 0.764403 0.332239 0.757265 -0.562288
0.0173991 0.680268 0.841208 0.08 0.04 0.04 -0.69266 0.0397571 -0.720167 0.323575 0.909491 -0.261007 0.644609 -0.413817 -0.642833
0.0985191 0.397463 0.0308105 0.08 0.04 0.04 -0.00542404 0.742389 0.669948 0.181548 -0.658093 0.730722 0.983367 0.125591 -0.13121
0.112926 0.503054 0.612547 0.08 0.04 0.04 -0.038995 0.999209 0.00781069 0.716126 0.0224943 0.697609 0.696881 0.0327967 -0.716437
0.59926 0.542016 0.654512 0.08 0.04 0.04 0.569976 0.527381 0.630077 0.81909 -0.425311 -0.384969 0.0649534 0.735513 -0.67439
0.822993 0.290293 0.0233887 0.08 0.04 0.04 0.547498 0.27332 0.790912 0.214942 -0.959377 0.182747 0.808731 0.0699465 -0.584005
0.0552897 0.245008 0.962876 0.08 0.04 0.04 -0.49949 -0.0841756 -0.862221 0.109726 0.981106 -0.159347 0.859343 -0.1742 -0.480816
0.012321 0.159339 0.605209 0.08 0.04 0.04 0.474374 0.473914 0.741873 0.801609 -0.580859 -0.141514 0.363858 0.661822 -0.655438
0.735986 0.579526 0.382819 0.08 0.04 0.04 -0.142022 0.855084 0.498659 0.92391 -0.0662979 0.376821 0.355274 0.514233 -0.780605
0.00711263 0.613801 0.73833 0.08 0.04 0.04 0.245153 0.735467 0.631656 0.905112 -0.407083 0.122701 0.347379 0.541639 -0.765477
0.632041 0.27323 0.701582 0.08 0.04 0.04 -0.494995 0.865956 -0.0714169 0.816446 0.491665 0.302789 0.297315 0.0915707 -0.950378
0.0155762 0.0399251 0.549822 0.08 0.04 0.04 -0.579964 0.316429 -0.750676 0.306435 0.93854 0.15887 0.754811 -0.137894 -0.641285
0.344162 0.711341 0.879585 0.08 0.04 0.04 -0.0137112 0.937971 -0.346444 0.458927 0.313731 0.831239 0.888368 -0.147595 -0.434762
0.338566 0.0870721 0.346231 0.08 0.04 0.04 -0.0414626 0.682817 0.729412 0.123362 -0.720956 0.681913 0.991495 0.118256 -0.054341
0.896622 0.452863 0.953925 0.08 0.04 0.04 -0.887712 0.437583 -0.143137 0.127496 0.532385 0.836846 0.442394 0.724629 -0.528395
0.364303 0.513629 0.06486 0.08 0.04 0.04 0.354302 0.818578 -0.452106 0.671851 0.113463 0.731944 0.650451 -0.563077 -0.509763
0.760476 0.870375 0.15655 0.08 0.04 0.04 0.807085 -0.138266 0.574018 0.437521 -0.512767 -0.738678 0.396471 0.847321 -0.353352
0.23625 0.498646 0.95869 0.08 0.04 0.04 0.0179257 0.106487 0.994153 0.933771 -0.35723 0.0214271 0.357423 0.927926 -0.105838
0.706547 0.285179 0.341954 0.08 0.04 0.04 -0.604227 0.796615 -0.017726 0.728809 0.561516 0.391837 0.322097 0.22384 -0.919864
0.510802 0.0390788 0.321032 0.08 0.04 0.04 0.030879 0.927999 -0.371302 0.705743 0.242814 0.665559 0.707795 -0.282596 -0.647431
0.355817 0.798686 0.0627767 0.08 0.04 0.04 0.644044 0.251598 0.72243 0.199585 -0.966924 0.158819 0.738494 0.0418997 -0.672957
0.608476 0.143787 0.871859 0.08 0.04 0.04 0.256488 0.914892 0.311747 0.676016 -0.400326 0.618661 0.690808 0.0520668 -0.721161
0.828775 0.572227 0.030485 0.08 0.04 0.04 0.305808 0.834321 0.458683 0.253944 -0.535786 0.805261 0.917602 -0.129775 -0.375718
0.185256 0.199084 0.870936 0.08 0.04 0.04 0.507733 0.735445 -0.448696 0.857981 -0.384531 0.340596 0.0779523 -0.557904 -0.826236
0.296856 0.263617 0.390418 0.08 0.04 0.04 -0.364238 0.747012 0.556151 0.295954 -0.473374 0.829655 0.88303 0.466787 -0.0486607
0.442011 0.425322 0.286857 0.08 0.04 0.04 0.293434 0.396379 0.869931 0.904911 -0.408611 -0.119051 0.308274 0.822144 -0.478588
0.348138 0.0394694 0.830945 0.08 0.04 0.04 -0.298292 0.527567 -0.795421 0.0732411 0.843555 0.532026 0.951661 0.100441 -0.290265
0.936331 0.402485 0.432884 0.08 0.04 0.04 -0.173457 0.833504 -0.52458 0.11469 0.546126 0.829815 0.97814 0.0837731 -0.190324
0.592824 0.39644 0.420051 0.08 0.04 0.04 -0.692365 0.685853 0.224135 0.720042 0.636687 0.275988 0.0465839 0.352471 -0.934663
0.092482 0.627819 0.651146 0.08 0.04 0.04 0.193334 0.366701 0.910029 0.790112 -0.608085 0.0771736 0.581674 0.704105 -0.407298
0.872566 0.409871 0.0241048 0.08 0.04 0.04 -0.785285 0.559112 -0.265935 0.112785 0.551524 0.826499 0.608775 0.619044 -0.496163
0.708685 0.633412 0.179959 0.08 0.04 0.04 -0.199009 0.279371 -0.939334 0.973804 0.163967 -0.157546 0.110006 -0.94608 -0.304683
0.109207 0.146197 0.59134 0.08 0.04 0.04 0.0917609 0.185955 0.978264 0.00733132 -0.982508 0.186074 0.995754 -0.00990237 -0.0915192
0.47356 0.53783 0.0357585 0.08 0.04 0.04 0.58862 -0.0354811 0.807631 0.19836 -0.962156 -0.186839 0.783697 0.270178 -0.559306
0.460901 0.826026 0.0253418 0.08 0.04 0.04 -0.0509366 0.58122 -0.812151 0.0253351 0.813697 0.580737 0.99838 0.00900485 -0.0561722
