%单胞内颗粒个数和体积分数
205 0.100334
%单胞起始点坐标
0 0 0
%单胞长宽高
1 1 1
%输出椭球15个参数:椭球中心坐标、尺寸、方位角
0.826335 0.551828 0.553553 0.08 0.04 0.04 0.716578 0.42511 0.552989 0.277208 -0.901078 0.333489 0.640056 -0.0856776 -0.763537
0.30455 0.8393 0.00325521 0.08 0.04 0.04 -0.0874221 0.902604 -0.421501 0.976594 0.161128 0.142488 0.196525 -0.399179 -0.895563
0.00211589 0.99322 0.721516 0.08 0.04 0.04 0.821417 0.477651 0.311646 0.484788 -0.872597 0.0596309 0.300424 0.1021 -0.948325
0.128642 0.913733 0.825703 0.08 0.04 0.04 0.0999875 0.0821205 0.991594 0.00733324 -0.996622 0.0817975 0.994962 -0.000907131 -0.100252
0.215343 0.766232 0.056901 0.08 0.04 0.04 0.0621886 0.85929 -0.507694 0.830143 0.237857 0.504268 0.554071 -0.452818 -0.698542
0.717318 0.597325 0.569889 0.08 0.04 0.04 -0.0342014 0.73315 0.679206 0.388776 -0.616316 0.684842 0.920697 0.287481 -0.263952
0.902341 0.222602 0.547675 0.08 0.04 0.04 0.0334566 0.791209 -0.610629 0.509479 0.512126 0.69149 0.859833 -0.334238 -0.38597
0.232531 0.710737 0.350587 0.08 0.04 0.04 0.253557 0.85484 -0.452723 0.963906 -0.183996 0.192433 0.0812 -0.485175 -0.870639
0.205855 0.291416 0.542838 0.08 0.04 0.04 -0.561582 -0.139326 -0.815606 0.0808757 0.971758 -0.221688 0.823459 -0.190459 -0.534454
0.451992 0.413088 0.013151 0.08 0.04 0.04 -0.416364 0.883981 -0.212647 0.321934 0.362071 0.874793 0.850294 0.295774 -0.435337
0.968151 0.609504 0.795482 0.08 0.04 0.04 -0.256739 0.714567 -0.650753 0.910651 0.404388 0.0847681 0.323729 -0.570845 -0.754543
0.00149333 0.0374634 0.0229645 0.08 0.04 0.04 -0.397734 0.397299 -0.827019 0.548454 0.825562 0.132835 0.735531 -0.400749 -0.546255
0.248834 0.624786 0.443453 0.08 0.04 0.04 0.226013 0.972553 0.0553145 0.566059 -0.177336 0.805065 0.792777 -0.150644 -0.590602
0.444303 0.865602 0.739001 0.08 0.04 0.04 0.32435 0.105877 0.939993 0.098202 -0.992116 0.0778625 0.940826 0.0670545 -0.33219
0.132314 0.350729 0.148624 0.08 0.04 0.04 0.114362 -0.445868 0.887763 0.0312072 -0.891572 -0.451802 0.992949 0.0793737 -0.088048
0.776952 0.523688 0.867093 0.08 0.04 0.04 0.159527 0.00462781 0.987183 0.984562 -0.0737073 -0.158758 0.0720278 0.997269 -0.0163147
0.46264 0.290513 0.4198 0.08 0.04 0.04 -0.521103 0.837836 0.162736 0.463706 0.117848 0.878117 0.716539 0.533051 -0.44992
0.965352 0.42 0.632949 0.08 0.04 0.04 -0.0745135 0.580246 -0.811025 0.0140185 0.813816 0.580954 0.997121 0.0319196 -0.0687744
0.753748 0.972886 0.326493 0.08 0.04 0.04 -0.0215115 0.970905 0.238498 0.386854 -0.211888 0.897467 0.92189 0.11157 -0.371041
0.996602 0.0236654 0.760129 0.08 0.04 0.04 -0.77037 -0.15563 -0.618312 0.43972 0.572557 -0.691972 0.46171 -0.804959 -0.372647
0.70422 0.360142 0.181292 0.08 0.04 0.04 -0.709624 0.474475 -0.520872 0.692487 0.60605 -0.391362 0.129983 -0.638417 -0.758635
0.44188 0.616428 0.972301 0.08 0.04 0.04 0.00657123 0.884902 0.465731 0.00528454 -0.465765 0.884893 0.999964 -0.00335366 -0.00773694
0.900029 0.919362 0.856718 0.08 0.04 0.04 -0.212127 0.576944 -0.788757 0.300191 0.806572 0.509242 0.929993 -0.128754 -0.344289
0.206334 0.867147 0.0423177 0.08 0.04 0.04 -0.503697 0.478568 -0.71921 0.213321 0.875655 0.433269 0.837128 0.0648134 -0.543153
0.970627 0.574313 0.90493 0.08 0.04 0.04 -0.217854 0.657717 -0.721074 0.141776 0.75231 0.643374 0.965629 0.0379304 -0.257142
0.450592 0.380296 0.171839 0.08 0.04 0.04 0.00751792 0.580505 0.814222 0.084657 -0.811692 0.577919 0.996382 0.0645848 -0.055246
0.190424 0.52325 0.618738 0.08 0.04 0.04 -0.7081 -0.224504 -0.669472 0.176456 0.861767 -0.475626 0.683709 -0.454923 -0.570603
0.89742 0.325364 0.768582 0.08 0.04 0.04 -0.18163 0.56737 -0.803182 0.785384 0.575203 0.22872 0.591762 -0.589264 -0.550078
0.478365 0.104333 0.0298177 0.08 0.04 0.04 0.487098 0.503637 0.713503 0.570786 -0.801929 0.176386 0.661013 0.32134 -0.678087
0.341688 0.154347 0.44209 0.08 0.04 0.04 0.177602 0.85468 0.487832 0.972879 -0.227138 0.0437557 0.148202 0.466831 -0.87184
0.646666 0.513587 0.0454427 0.08 0.04 0.04 0.058262 0.0473026 0.99718 0.207216 -0.977695 0.0342714 0.976559 0.204634 -0.0667643
0.143899 0.594099 0.854709 0.08 0.04 0.04 0.0588406 0.891748 -0.44869 0.10291 0.441656 0.891263 0.992949 -0.098617 -0.0657824
0.75444 0.38043 0.591986 0.08 0.04 0.04 0.255233 0.952268 0.167457 0.0629639 -0.189196 0.979919 0.964827 -0.239564 -0.108248
0.447941 0.778299 0.714611 0.08 0.04 0.04 -0.827964 0.309257 -0.467799 0.238998 0.949236 0.204524 0.507302 0.0575354 -0.859845
0.213699 0.916897 0.862504 0.08 0.04 0.04 0.0830586 0.897107 -0.433936 0.986789 -0.0132596 0.161466 0.139099 -0.441615 -0.886357
0.419462 0.708454 0.00585938 0.08 0.04 0.04 -0.810585 0.58168 -0.0678237 0.584155 0.811305 -0.0234001 0.0414144 -0.0585873 -0.997423
0.562459 0.244924 0.879551 0.08 0.04 0.04 -0.0247754 0.874305 -0.484745 0.640142 0.386318 0.66406 0.767857 -0.293853 -0.569251
0.664732 0.272995 0.0313802 0.08 0.04 0.04 0.453746 0.502488 0.735948 0.0200139 -0.831397 0.555318 0.890906 -0.237244 -0.3873
0.316334 0.983881 0.651304 0.08 0.04 0.04 -0.604766 0.72697 -0.325227 0.273809 0.573271 0.772262 0.747855 0.377988 -0.545746
0.210697 0.88533 0.735376 0.08 0.04 0.04 -0.282763 0.95809 -0.0459215 0.176097 0.0989143 0.979391 0.942886 0.268849 -0.196686
0.355225 0.290521 0.598293 0.08 0.04 0.04 0.831594 0.1237 0.541433 0.154421 -0.987939 -0.011464 0.533485 0.0931419 -0.840666
0.0275065 0.867435 0.786026 0.08 0.04 0.04 0.559973 0.828236 0.0213361 0.785936 -0.53917 0.302655 0.262174 -0.15271 -0.952861
0.129019 0.663102 0.00638021 0.08 0.04 0.04 0.184004 0.72864 0.659717 0.128138 -0.683231 0.718871 0.974537 -0.04774 -0.219084
0.769193 0.177747 0.9431 0.08 0.04 0.04 -0.705937 0.632814 -0.31812 0.706 0.664672 -0.244491 0.0567278 -0.397187 -0.915983
0.0131836 0.158987 0.187222 0.08 0.04 0.04 0.434943 0.741143 -0.511402 0.470341 0.29731 0.830895 0.767857 -0.601925 -0.219277
0.521226 0.581673 0.851683 0.08 0.04 0.04 0.885039 0.0499643 0.462828 0.465393 -0.117951 -0.87721 0.0107619 0.991762 -0.127644
0.278703 0.505026 0.0199219 0.08 0.04 0.04 0.148645 0.987038 -0.0605068 0.944909 -0.123723 0.303051 0.291637 -0.102221 -0.951051
0.103693 0.383535 0.427166 0.08 0.04 0.04 0.345063 0.818808 0.458787 0.934219 -0.346693 -0.0838939 0.0903653 0.457557 -0.884577
0.397496 0.992034 0.178722 0.08 0.04 0.04 0.18509 -0.717842 0.671152 0.0480761 -0.67552 -0.735772 0.981545 0.16845 -0.090521
0.863724 0.0283529 0.426534 0.08 0.04 0.04 0.926095 0.25484 0.278217 0.335591 -0.893376 -0.298762 0.172416 0.370049 -0.912873
0.610961 0.0228841 0.243788 0.08 0.04 0.04 0.521665 0.2487 0.816097 0.101842 -0.967882 0.229855 0.84705 -0.0367943 -0.530238
0.0573946 0.0572591 0.505752 0.08 0.04 0.04 -0.441576 -0.188329 -0.877236 0.0382039 0.972889 -0.228095 0.89641 -0.134235 -0.42241
0.66534 0.590717 0.439718 0.08 0.04 0.04 0.164739 -0.296157 0.940825 0.181467 -0.928475 -0.324044 0.9695 0.224111 -0.0992129
0.491646 0.351664 0.0636719 0.08 0.04 0.04 0.940906 0.122123 0.315881 0.221429 -0.927576 -0.300953 0.25625 0.353114 -0.899803
0.296013 0.478168 0.892244 0.08 0.04 0.04 -0.0977725 -0.373203 -0.922583 0.188395 0.903323 -0.385377 0.977214 -0.211489 -0.0180105
0.120676 0.0260091 0.586071 0.08 0.04 0.04 -0.193524 0.921777 -0.335969 0.377129 0.386025 0.841878 0.905716 0.0362202 -0.422334
0.561972 0.277493 0.423085 0.08 0.04 0.04 0.109922 0.96708 0.229509 0.141499 -0.243782 0.959452 0.983817 -0.0729896 -0.163638
0.537228 0.758417 0.0209635 0.08 0.04 0.04 -0.235872 -0.881422 -0.409219 0.0116864 0.418497 -0.908143 0.971714 -0.218987 -0.0884109
0.309646 0.954592 0.780638 0.08 0.04 0.04 0.455875 0.84472 -0.280403 0.854119 -0.326593 0.404744 0.250318 -0.42401 -0.870377
0.761795 0.591056 0.414492 0.08 0.04 0.04 -0.439353 -0.111689 -0.891344 0.196488 0.956266 -0.216675 0.876562 -0.270335 -0.398193
0.72272 0.667259 0.188138 0.08 0.04 0.04 0.756242 0.334594 -0.562267 0.639335 -0.195196 0.74374 0.139099 -0.921925 -0.361534
0.968083 0.978171 0.953783 0.08 0.04 0.04 -0.0830324 0.953714 -0.289026 0.188807 0.299829 0.935123 0.978498 0.0230756 -0.204963
0.947628 0.0123372 0.604582 0.08 0.04 0.04 -0.0802513 0.579902 -0.810724 0.0650536 0.81466 0.576278 0.99465 -0.00649339 -0.103102
0.570537 0.856645 0.367885 0.08 0.04 0.04 0.192443 0.722844 -0.663673 0.801086 0.274894 0.53169 0.566769 -0.633979 -0.526159
0.11756 0.334141 0.307311 0.08 0.04 0.04 -0.197328 -0.759561 -0.619781 0.0696427 0.619754 -0.7817 0.977861 -0.197415 -0.0693972
0.993825 0.858946 0.700649 0.08 0.04 0.04 0.913075 0.40623 0.0356551 0.407441 -0.91242 -0.038496 0.0168942 0.0496771 -0.998622
0.90752 0.526166 0.0553385 0.08 0.04 0.04 0.038631 0.993328 -0.108659 0.977251 -0.014863 0.211563 0.208537 -0.11436 -0.971305
0.235246 0.620639 0.893448 0.08 0.04 0.04 -0.0545196 0.0416947 -0.997642 0.0651992 0.997144 0.0381109 0.996382 -0.0629677 -0.0570823
0.647717 0.407673 0.273452 0.08 0.04 0.04 0.444653 0.0552701 0.893996 0.356466 -0.926568 -0.120014 0.821715 0.372043 -0.431703
0.739662 0.819817 0.979464 0.08 0.04 0.04 -0.473987 0.877221 -0.0762841 0.25722 0.220795 0.940791 0.842125 0.426301 -0.330293
0.57389 0.641477 0.146975 0.08 0.04 0.04 -0.929771 0.00505222 -0.368103 0.285458 0.641292 -0.71222 0.232463 -0.76728 -0.597697
0.988212 0.795799 0.485401 0.08 0.04 0.04 -0.322234 0.289384 -0.901345 0.392639 0.907228 0.150903 0.861394 -0.305277 -0.405963
0.535192 0.897565 0.299746 0.08 0.04 0.04 -0.682531 0.66167 0.310394 0.603613 0.270883 0.749849 0.412072 0.699153 -0.584279
0.656032 0.47422 0.208242 0.08 0.04 0.04 0.448203 0.181965 0.875216 0.454417 -0.889507 -0.0477734 0.769817 0.419125 -0.481368
0.590341 0.723717 0.980683 0.08 0.04 0.04 0.249428 0.752527 0.609499 0.0283246 -0.634792 0.772163 0.967979 -0.175335 -0.17965
0.0647461 0.563397 0.177828 0.08 0.04 0.04 -0.737589 -0.180635 -0.65064 0.0615359 0.941565 -0.331163 0.67244 -0.2843 -0.683372
0.134525 0.801193 0.904903 0.08 0.04 0.04 0.227954 0.418727 0.879036 0.494417 -0.82753 0.265979 0.838802 0.37398 -0.395665
0.805977 0.286251 0.491943 0.08 0.04 0.04 0.472982 0.803626 0.361211 0.421485 -0.566391 0.708204 0.773717 -0.182723 -0.606609
0.139599 0.371204 0.0261719 0.08 0.04 0.04 -0.232833 0.969125 0.0811577 0.77553 0.13467 0.61678 0.586807 0.206547 -0.782941
0.867198 0.484443 0.825728 0.08 0.04 0.04 0.487881 0.512932 0.706309 0.809497 -0.568627 -0.146213 0.326629 0.643089 -0.69264
0.740099 0.397139 0.969986 0.08 0.04 0.04 0.742057 0.427279 0.516511 0.156716 -0.859752 0.486072 0.65176 -0.279748 -0.704947
0.598804 0.298987 0.14182 0.08 0.04 0.04 0.917294 0.213514 0.336129 0.227782 -0.973707 -0.00310354 0.326629 0.079411 -0.941811
0.213479 0.211957 0.286489 0.08 0.04 0.04 0.88504 -0.13718 0.444844 0.399823 -0.265426 -0.87732 0.238424 0.954322 -0.180065
0.518287 0.363226 0.537008 0.08 0.04 0.04 -0.39725 0.367984 -0.840702 0.61465 0.786948 0.0540199 0.681468 -0.495278 -0.538796
0.70526 0.937191 0.530658 0.08 0.04 0.04 -0.423295 0.633341 0.647843 0.891145 0.162135 0.423761 0.163347 0.756697 -0.63303
0.281548 0.885709 0.132076 0.08 0.04 0.04 0.959389 0.0535563 0.276954 0.213395 -0.779902 -0.588401 0.184484 0.623606 -0.759658
0.865633 0.403269 0.428838 0.08 0.04 0.04 -0.599403 0.379109 -0.704977 0.525203 0.850905 0.0110323 0.604051 -0.363643 -0.709144
0.832718 0.0270508 0.62124 0.08 0.04 0.04 0.81246 0.395343 -0.428502 0.538474 -0.227075 0.811469 0.223507 -0.890023 -0.397371
0.50598 0.0619466 0.433286 0.08 0.04 0.04 -0.139956 0.387521 0.911175 0.983124 -0.0551063 0.174444 0.117812 0.920212 -0.373268
0.985645 0.780797 0.371578 0.08 0.04 0.04 -0.900198 0.435385 -0.00918657 0.0904128 0.207489 0.97405 0.425993 0.876007 -0.226145
0.0414388 0.210734 0.830677 0.08 0.04 0.04 0.251479 -0.203096 0.946314 0.137201 -0.960382 -0.242576 0.958089 0.190838 -0.213651
0.756879 0.0577799 0.0584635 0.08 0.04 0.04 -0.0620538 0.991414 0.115102 0.213814 -0.0994419 0.9718 0.974901 0.0849143 -0.205808
0.0318034 0.518595 0.723493 0.08 0.04 0.04 0.451422 0.857747 0.245946 0.00536419 -0.278232 0.960499 0.892295 -0.432271 -0.130201
0.110599 0.275667 0.0204427 0.08 0.04 0.04 -0.433055 0.900952 0.027353 0.532651 0.231309 0.814113 0.72715 0.367125 -0.580063
0.229243 0.729808 0.232462 0.08 0.04 0.04 0.0965692 0.955481 -0.278803 0.490577 0.198034 0.848597 0.86603 -0.218723 -0.449613
0.839041 0.466099 0.650663 0.08 0.04 0.04 0.747512 0.441617 0.496185 0.0352683 -0.772321 0.634253 0.663311 -0.456612 -0.592894
0.622097 0.659488 0.394728 0.08 0.04 0.04 -0.411329 0.583226 -0.700469 0.233947 0.810298 0.537294 0.880953 0.0571318 -0.469743
0.732169 0.52357 0.323842 0.08 0.04 0.04 -0.218048 0.971177 -0.0962844 0.438065 0.185558 0.879584 0.872098 0.149612 -0.465899
0.986077 0.981874 0.385115 0.08 0.04 0.04 0.0134294 0.872426 -0.488562 0.744141 0.317643 0.587671 0.667888 -0.371451 -0.644942
0.679721 0.795105 0.206472 0.08 0.04 0.04 0.606879 0.384655 0.695513 0.501994 -0.863956 0.0397915 0.616198 0.324994 -0.717411
0.415648 0.790741 0.846638 0.08 0.04 0.04 -0.00414 0.447094 -0.894477 0.638251 0.689778 0.341823 0.769817 -0.569486 -0.288214
0.490924 0.611012 0.0110677 0.08 0.04 0.04 0.66684 0.669798 -0.326641 0.560257 -0.161597 0.812403 0.491362 -0.724746 -0.483018
0.668569 0.0594727 0.787357 0.08 0.04 0.04 0.577996 0.760011 0.29716 0.459012 -0.603874 0.651648 0.674706 -0.24025 -0.697891
0.484265 0.826836 0.453145 0.08 0.04 0.04 -0.00226906 0.689407 0.72437 0.0267317 -0.724072 0.689207 0.99964 0.0209275 -0.0167861
0.0495117 0.867577 0.64775 0.08 0.04 0.04 -0.758245 0.00402994 -0.651957 0.38918 0.805076 -0.447652 0.523071 -0.593159 -0.612013
0.552103 0.470906 0.669863 0.08 0.04 0.04 -0.378624 -0.0131119 -0.925458 0.0158506 0.999661 -0.020648 0.925415 -0.0224869 -0.378287
0.322785 0.335205 0.511971 0.08 0.04 0.04 -0.556587 0.0694461 -0.827882 0.827389 0.136398 -0.544815 0.0750859 -0.988217 -0.133376
0.549954 0.167416 0.00742187 0.08 0.04 0.04 -0.721942 0.354802 -0.594067 0.559979 0.803908 -0.200389 0.406476 -0.477334 -0.779056
0.989742 0.290084 0.812325 0.08 0.04 0.04 0.327684 0.0385496 0.944 0.944686 -0.0279929 -0.326779 0.0138281 0.998865 -0.0455901
0.101013 0.384136 0.511309 0.08 0.04 0.04 0.266232 0.944742 -0.191268 0.963878 -0.259346 0.0606517 0.00769566 -0.200507 -0.979662
0.570776 0.862273 0.463714 0.08 0.04 0.04 -0.202583 0.890355 0.40771 0.894714 -0.000948987 0.446639 0.398054 0.455265 -0.796421
0.335202 0.249945 0.261419 0.08 0.04 0.04 -0.216352 0.917336 -0.334195 0.0462251 0.351543 0.93503 0.97522 0.186848 -0.118461
0.820718 0.463308 0.383097 0.08 0.04 0.04 -0.163626 0.938584 0.303786 0.57699 -0.158725 0.80118 0.800193 0.306375 -0.515582
0.93666 0.544331 0.281679 0.08 0.04 0.04 0.808761 0.388421 0.441627 0.58371 -0.622067 -0.521839 0.0720278 0.679825 -0.729829
0.267187 0.815218 0.489948 0.08 0.04 0.04 0.935911 0.341699 0.0855127 0.305439 -0.908203 0.286137 0.175435 -0.24168 -0.954365
0.230183 0.780541 0.157418 0.08 0.04 0.04 0.68194 0.695791 0.225461 0.596528 -0.707465 0.379008 0.423217 -0.123967 -0.897508
0.423575 0.932082 0.994538 0.08 0.04 0.04 -0.746527 0.629231 -0.216253 0.608955 0.77711 0.158979 0.268087 -0.0130062 -0.963307
0.222985 0.306145 0.777216 0.08 0.04 0.04 0.0163478 0.691108 0.722566 0.63569 -0.564989 0.526009 0.771771 0.450729 -0.448567
0.911316 0.015332 0.0449219 0.08 0.04 0.04 -0.082757 0.819163 0.567558 0.309846 -0.520136 0.795898 0.947178 0.241722 -0.21077
0.0262044 0.366708 0.277368 0.08 0.04 0.04 -0.289064 0.861169 -0.418127 0.874446 0.41528 0.250774 0.389599 -0.293139 -0.873088
0.324133 0.376136 0.623616 0.08 0.04 0.04 -0.29447 0.105826 -0.949783 0.0470268 0.99425 0.0962001 0.954503 -0.0163373 -0.297753
0.427675 0.89541 0.156514 0.08 0.04 0.04 0.676019 0.704715 0.215349 0.476955 -0.641224 0.60112 0.561705 -0.303657 -0.769597
0.0347982 0.705701 0.495999 0.08 0.04 0.04 0.7359 0.662577 0.139433 0.358612 -0.556081 0.74978 0.574324 -0.501761 -0.646829
0.891364 0.71899 0.284309 0.08 0.04 0.04 -0.133795 -0.466138 -0.874536 0.0406293 0.879149 -0.474812 0.990176 -0.0990596 -0.0986873
0.966182 0.480759 0.881619 0.08 0.04 0.04 -0.180095 0.693506 -0.697578 0.380651 0.703057 0.60068 0.907012 -0.157354 -0.390601
0.344347 0.409232 0.0376302 0.08 0.04 0.04 0.506316 0.55939 -0.656298 0.617832 0.295631 0.728619 0.601604 -0.774393 -0.195926
0.383924 0.645644 0.315979 0.08 0.04 0.04 0.337037 0.30154 0.891897 0.487126 -0.866518 0.10888 0.805677 0.397769 -0.438936
0.527112 0.652533 0.401817 0.08 0.04 0.04 0.066013 0.933527 0.352378 0.0671338 -0.356503 0.931879 0.995558 -0.0378597 -0.086205
0.13468 0.829335 0.43067 0.08 0.04 0.04 0.433244 0.895445 0.102358 0.620061 -0.378556 0.687183 0.654083 -0.23425 -0.719238
0.251353 0.450194 0.380058 0.08 0.04 0.04 0.0205347 0.825034 -0.56471 0.0569345 0.562948 0.824529 0.998167 -0.049083 -0.035413
0.253511 0.902198 0.47544 0.08 0.04 0.04 -0.159004 0.478298 -0.863684 0.100723 0.878107 0.467742 0.982127 -0.0126199 -0.187798
0.334551 0.335157 0.240778 0.08 0.04 0.04 -0.857888 0.05448 -0.51094 0.131614 0.984489 -0.116013 0.496694 -0.166773 -0.851752
0.79711 0.470338 0.754335 0.08 0.04 0.04 -0.259163 0.855945 0.447429 0.554351 -0.247527 0.794623 0.790904 0.453969 -0.410344
0.913143 0.310568 0.0459635 0.08 0.04 0.04 -0.510829 0.587102 -0.627985 0.806566 0.580093 -0.113766 0.297498 -0.564627 -0.769865
0.979215 0.896809 0.602131 0.08 0.04 0.04 -0.663419 0.692092 0.284401 0.718601 0.483385 0.49995 0.208537 0.536047 -0.818026
0.750857 0.786894 0.0407552 0.08 0.04 0.04 -0.961472 -0.150314 -0.230169 0.164148 0.357713 -0.919292 0.220517 -0.921655 -0.319257
0.43837 0.921659 0.865261 0.08 0.04 0.04 -0.0710382 0.191377 -0.978942 0.0157481 0.981515 0.190738 0.997349 -0.00186688 -0.0727388
0.789862 0.626589 0.293928 0.08 0.04 0.04 0.267544 0.913606 0.306176 0.380421 -0.392101 0.837578 0.885268 -0.107614 -0.452459
0.18387 0.818177 0.357605 0.08 0.04 0.04 0.103946 0.966009 0.236688 0.927795 -0.179916 0.326843 0.358318 0.185624 -0.91496
0.323376 0.0023112 0.45416 0.08 0.04 0.04 0.491341 0.501768 0.711908 0.257408 -0.864521 0.431677 0.832061 -0.0288496 -0.553933
0.142807 0.609108 0.511597 0.08 0.04 0.04 -0.606654 -0.75637 -0.244694 0.135463 0.204948 -0.969354 0.783339 -0.621209 -0.0218726
0.836776 0.463252 0.547085 0.08 0.04 0.04 0.621228 0.655266 0.42977 0.481038 -0.751822 0.450961 0.618611 -0.0734136 -0.78226
0.483427 0.515726 0.0147135 0.08 0.04 0.04 -0.971369 0.111317 -0.209884 0.102076 0.993288 0.0543938 0.214531 0.0314122 -0.976212
0.655159 0.518594 0.902523 0.08 0.04 0.04 -0.239104 -0.454102 -0.858266 0.00413882 0.88342 -0.468564 0.970985 -0.115588 -0.209349
0.283487 0.912181 0.958908 0.08 0.04 0.04 0.794318 0.56413 0.225426 0.482027 -0.811103 0.331303 0.369742 -0.154498 -0.916199
0.10613 0.762277 0.0962701 0.08 0.04 0.04 -0.570646 0.553073 -0.60702 0.0449661 0.759125 0.64939 0.819964 0.343276 -0.458062
0.0311523 0.847195 0.160388 0.08 0.04 0.04 -0.135476 0.744825 -0.653363 0.112601 0.666744 0.736731 0.984361 0.0262398 -0.174196
0.0880518 0.0484049 0.741232 0.08 0.04 0.04 0.0506163 0.547867 0.835033 0.0199386 -0.836492 0.547616 0.998519 -0.0110689 -0.0532639
0.00966797 0.265043 0.633885 0.08 0.04 0.04 0.103424 0.660723 -0.743471 0.863271 0.311639 0.397043 0.49403 -0.682881 -0.538152
0.124016 0.0624674 0.897348 0.08 0.04 0.04 0.68958 0.701922 -0.178281 0.453996 -0.227188 0.861553 0.56424 -0.675049 -0.475334
0.822778 0.92112 0.0308594 0.08 0.04 0.04 0.188536 -0.327897 0.925709 0.0759423 -0.934923 -0.346628 0.979126 0.135652 -0.151366
0.240811 0.712318 0.719891 0.08 0.04 0.04 0.312325 0.766676 0.560946 0.837674 -0.500767 0.218023 0.448057 0.401796 -0.798627
0.821056 0.53022 0.0527344 0.08 0.04 0.04 0.196651 -0.0381507 0.979731 0.35651 -0.928064 -0.107697 0.913362 0.370463 -0.168903
0.00732422 0.227285 0.322792 0.08 0.04 0.04 -0.231683 -0.679454 -0.69618 0.130365 0.68751 -0.714377 0.964017 -0.256266 -0.0707071
0.15784 0.532526 0.421431 0.08 0.04 0.04 -0.60616 0.0283916 -0.794836 0.711494 0.46599 -0.525956 0.355453 -0.884334 -0.302665
0.414916 0.796749 0.041276 0.08 0.04 0.04 -0.733174 -0.490576 -0.470947 0.0850104 0.620978 -0.779205 0.674706 -0.611328 -0.413581
0.00016276 0.9431 0.854842 0.08 0.04 0.04 0.0971229 0.489845 0.866383 0.00398556 -0.870682 0.491829 0.995264 -0.0443149 -0.0865155
0.00537109 0.136163 0.725933 0.08 0.04 0.04 0.0796904 0.824729 -0.559886 0.186983 0.539335 0.82107 0.979126 -0.17012 -0.11123
0.326796 0.913741 0.700573 0.08 0.04 0.04 0.758305 0.358949 0.544177 0.615589 -0.668987 -0.416541 0.214531 0.650855 -0.728261
0.678204 0.290371 0.457247 0.08 0.04 0.04 0.828786 0.103712 0.549871 0.511678 -0.538219 -0.669706 0.226494 0.8364 -0.499135
0.67904 0.72394 0.927151 0.08 0.04 0.04 0.123258 0.643358 0.755578 0.0660257 -0.765014 0.640621 0.990176 -0.0290741 -0.136772
0.753043 0.439776 0.221291 0.08 0.04 0.04 0.17282 -0.13981 0.97498 0.0105456 -0.989555 -0.143769 0.984897 0.0351279 -0.169541
0.134109 0.318052 0.778968 0.08 0.04 0.04 0.285634 0.322215 0.902547 0.848593 -0.522659 -0.0819664 0.445313 0.789307 -0.422719
0.840644 0.0659831 0.050651 0.08 0.04 0.04 -0.0814395 0.856532 -0.509627 0.303049 0.508397 0.806036 0.949489 -0.0887989 -0.300975
0.423248 0.427811 0.4272 0.08 0.04 0.04 -0.044439 0.706618 -0.706199 0.990914 0.121001 0.0587179 0.126942 -0.697173 -0.705575
0.174293 0.725654 0.467727 0.08 0.04 0.04 0.794606 0.27294 0.542315 0.0277274 -0.908632 0.416676 0.606492 -0.316056 -0.729572
0.282619 0.833469 0.387674 0.08 0.04 0.04 0.510719 0.203381 0.835346 0.188621 -0.974451 0.121929 0.838802 0.0952928 -0.536033
0.0881109 0.998198 0.839634 0.08 0.04 0.04 0.235441 0.710818 0.662801 0.625599 -0.632743 0.456356 0.743769 0.307203 -0.593661
0.543358 0.883939 0.0647135 0.08 0.04 0.04 -0.59965 0.646615 -0.471496 0.154322 0.671553 0.724708 0.785242 0.361809 -0.502484
0.55266 0.369699 0.246087 0.08 0.04 0.04 -0.0264998 0.72437 -0.688902 0.0195955 0.689388 0.724128 0.999457 0.0056898 -0.032463
0.562527 0.715881 0.699807 0.08 0.04 0.04 -0.165561 0.553592 0.816165 0.244491 -0.778711 0.577783 0.955413 0.295203 -0.00642411
0.668737 0.589105 0.668438 0.08 0.04 0.04 0.0197885 0.699909 0.713958 0.873728 -0.359234 0.327948 0.486011 0.617316 -0.618639
0.466941 0.342395 0.343212 0.08 0.04 0.04 0.164674 0.798215 0.579426 0.381512 -0.593269 0.708859 0.909577 0.104327 -0.402225
0.290187 0.00973307 0.312221 0.08 0.04 0.04 -0.269197 0.0373788 -0.96236 0.0890146 0.995935 0.0137832 0.958963 -0.0819536 -0.27143
0.00875651 0.331784 0.18648 0.08 0.04 0.04 0.947926 0.130379 0.290583 0.317421 -0.461484 -0.828418 0.0260912 0.877516 -0.478838
0.381604 0.506829 0.928507 0.08 0.04 0.04 0.107684 0.979889 -0.167996 0.728094 0.0373331 0.68446 0.676966 -0.196022 -0.709431
0.932216 0.0417643 0.292103 0.08 0.04 0.04 0.321561 0.168183 0.931833 0.0430233 -0.985679 0.163055 0.945911 -0.0123415 -0.324192
0.0375326 0.409963 0.663229 0.08 0.04 0.04 0.513146 0.780979 -0.356024 0.758939 -0.219134 0.613182 0.400865 -0.584852 -0.705163
0.993278 0.196301 0.388337 0.08 0.04 0.04 -0.00748389 -0.385412 -0.922714 0.00873001 0.92268 -0.385468 0.999934 -0.0109401 -0.00354058
0.628334 0.629493 0.574774 0.08 0.04 0.04 -0.0147301 0.918666 -0.39476 0.045975 0.395008 0.917527 0.998834 -0.00463382 -0.0480542
0.253766 0.19153 0.822166 0.08 0.04 0.04 -0.387393 0.920055 -0.0585197 0.424814 0.234485 0.874385 0.818205 0.313871 -0.481691
0.887178 0.96334 0.165206 0.08 0.04 0.04 0.243143 0.874751 -0.419156 0.55626 0.228263 0.799044 0.794642 -0.427442 -0.431088
0.155634 0.210694 0.528488 0.08 0.04 0.04 0.216165 0.836342 0.50379 0.33839 -0.548184 0.764845 0.915841 0.00514481 -0.401507
0.451913 0.636894 0.123607 0.08 0.04 0.04 -0.0758089 0.179578 -0.980818 0.0656071 0.982416 0.174799 0.994962 -0.0510973 -0.0862575
0.608152 0.812078 0.949532 0.08 0.04 0.04 -0.88992 0.190741 -0.41432 0.147723 0.979931 0.133837 0.431533 0.0579001 -0.900237
0.880031 0.815372 0.501745 0.08 0.04 0.04 0.682444 0.26249 -0.68218 0.728965 -0.175891 0.661568 0.053666 -0.948768 -0.311382
0.552659 0.00852458 0.044401 0.08 0.04 0.04 -0.495726 0.795431 -0.348632 0.724856 0.600059 0.338397 0.478372 -0.0849558 -0.874038
0.74252 0.161648 0.763564 0.08 0.04 0.04 -0.581834 0.176538 -0.793916 0.309996 0.950607 -0.0158051 0.751912 -0.255307 -0.607821
0.583884 0.712584 0.558391 0.08 0.04 0.04 -0.682829 0.728786 0.0511372 0.0706967 -0.003753 0.997491 0.72715 0.684731 -0.0489601
0.461273 0.135745 0.851202 0.08 0.04 0.04 -0.469455 0.23832 -0.850186 0.506942 0.861118 -0.0385383 0.722926 -0.449087 -0.525071
0.368646 0.0406535 0.0371094 0.08 0.04 0.04 -0.49513 0.837773 -0.23018 0.299988 0.413492 0.85967 0.815385 0.356597 -0.456054
0.346664 0.278648 0.411715 0.08 0.04 0.04 -0.577374 -0.443327 -0.685638 0.00822328 0.83655 -0.547829 0.816438 -0.321941 -0.479357
0.51946 0.0640299 0.678386 0.08 0.04 0.04 -0.81074 0.356035 -0.464693 0.554568 0.721346 -0.414866 0.187497 -0.594053 -0.78227
0.970787 0.910003 0.110567 0.08 0.04 0.04 0.620928 0.77908 -0.0864992 0.774495 -0.592743 0.220938 0.120857 -0.20418 -0.971444
0.228859 0.380162 0.643346 0.08 0.04 0.04 0.323013 0.832857 -0.449456 0.637779 0.15931 0.753563 0.699214 -0.530065 -0.47972
0.927664 0.128588 0.552825 0.08 0.04 0.04 0.183282 0.972295 -0.145083 0.274689 0.0910527 0.957212 0.943904 -0.215293 -0.25039
0.466779 0.613053 0.491064 0.08 0.04 0.04 -0.784645 0.529517 -0.322404 0.340852 0.802873 0.489097 0.517834 0.273875 -0.810457
0.921039 0.611999 0.699729 0.08 0.04 0.04 0.88194 0.123285 0.454953 0.261127 -0.931335 -0.253826 0.392421 0.34266 -0.853575
0.41835 0.147941 0.604887 0.08 0.04 0.04 -0.173799 0.212994 -0.961472 0.168565 0.968355 0.184048 0.970247 -0.130083 -0.204202
0.893555 0.682203 0.546127 0.08 0.04 0.04 0.276194 0.623905 0.731067 0.53512 -0.731674 0.422256 0.798351 0.274584 -0.535948
0.433691 0.729968 0.437409 0.08 0.04 0.04 0.229803 0.802631 0.550431 0.203521 -0.592694 0.77929 0.951719 -0.0670585 -0.299555
0.748151 0.0583008 0.365639 0.08 0.04 0.04 -0.38685 0.693612 -0.607659 0.495685 0.712077 0.497235 0.777588 -0.108852 -0.61928
0.580415 0.591596 0.672607 0.08 0.04 0.04 0.267747 0.929371 0.254127 0.91449 -0.328173 0.236665 0.303347 0.16903 -0.937768
0.566465 0.911653 0.716527 0.08 0.04 0.04 0.837317 0.111967 0.535129 0.0189389 -0.984157 0.176285 0.54639 -0.137472 -0.826172
0.861682 0.365283 0.614155 0.08 0.04 0.04 0.61419 0.784955 -0.0813453 0.564448 -0.364923 0.740426 0.551516 -0.500677 -0.667198
